1
1
1
18
0
*
2
0
1
7
2
*
3
0
1
24
2
*
4
1
0
5
2
*
5
0
1
8
2
*
6
1
0
5
2
*
7
0
0
10
1
*
8
0
1
16
1
*
9
0
1
11
2
*
10
1
0
33
2
*
11
0
1
11
2
*
12
0
1
20
2
*
13
0
1
29
1
*
14
0
0
13
1
*
15
0
0
29
0
*
16
1
0
32
1
*
17
1
1
16
1
*
18
0
0
7
1
*
19
1
1
35
2
*
20
0
1
26
0
*
21
0
1
23
1
*
22
0
0
24
1
*
23
0
1
22
1
*
24
1
1
32
1
*
25
1
0
11
2
*
26
1
1
8
1
*
27
1
0
19
1
*
28
0
1
28
0
*
29
1
1
11
0
*
30
0
1
29
2
*
31
0
1
10
2
*
32
1
1
8
1
*
33
0
0
7
2
*
34
0
1
32
1
*
35
1
1
16
1
*
36
1
1
28
1
*
37
1
0
27
1
*
38
1
0
28
0
*
39
0
1
29
1
*
40
1
0
33
0
*
41
0
0
27
1
*
42
1
1
17
1
*
43
0
1
18
0
*
44
1
0
23
1
*
45
0
0
19
0
*
46
1
1
27
1
*
47
0
0
31
1
*
48
0
0
20
2
*
49
0
0
13
0
*
50
1
1
33
2
*
51
1
0
13
2
*
52
0
0
24
0
*
53
0
1
11
1
*
54
0
0
25
0
*
55
0
0
22
1
*
56
0
0
15
1
*
57
1
0
7
0
*
58
1
1
10
2
*
59
1
0
26
2
*
60
1
1
22
2
*
61
1
1
28
1
*
62
1
1
12
1
*
63
0
0
11
1
*
64
1
1
5
2
*
65
1
0
14
2
*
66
0
1
5
2
*
67
1
0
31
2
*
68
0
1
23
0
*
69
1
1
10
2
*
70
0
0
24
0
*
71
1
1
13
1
*
72
0
0
17
2
*
73
0
0
31
2
*
74
1
0
27
1
*
75
1
0
35
1
*
76
1
1
13
2
*
77
0
0
25
2
*
78
1
0
24
1
*
79
0
0
33
0
*
80
0
1
8
1
*
81
0
0
27
2
*
82
1
1
25
0
*
83
0
1
10
2
*
84
1
0
22
1
*
85
0
0
24
2
*
86
0
0
25
2
*
87
0
0
11
1
*
88
1
1
17
0
*
89
0
1
33
1
*
90
1
0
24
2
*
91
1
1
29
1
*
92
0
0
23
2
*
93
0
1
33
1
*
94
1
1
31
2
*
95
1
1
9
1
*
96
1
0
7
1
*
97
1
1
10
2
*
98
0
0
12
2
*
99
0
1
12
1
*
100
0
1
32
1
*
101
0
0
29
2
*
102
1
1
32
1
*
103
1
0
14
1
*
104
1
1
5
2
*
105
0
0
8
1
*
106
1
0
27
0
*
107
1
1
12
0
*
108
1
1
19
0
*
109
0
1
16
1
*
110
1
0
32
1
*
111
1
1
28
2
*
112
0
0
19
2
*
113
1
1
19
1
*
114
0
0
18
0
*
115
0
0
11
1
*
116
0
1
6
1
*
117
1
1
24
0
*
118
0
0
12
2
*
119
1
1
15
1
*
120
1
0
16
2
*
121
1
0
33
1
*
122
0
1
26
1
*
123
1
1
34
0
*
124
0
1
19
2
*
125
0
1
19
1
*
126
0
0
11
1
*
127
0
0
25
1
*
128
0
0
17
2
*
129
1
1
32
1
*
130
0
1
34
1
*
131
1
1
27
2
*
132
1
1
31
2
*
133
0
1
19
0
*
134
1
1
32
1
*
135
0
0
5
2
*
136
0
1
22
2
*
137
1
1
34
1
*
138
0
1
23
2
*
139
1
0
21
1
*
140
1
1
30
1
*
141
1
0
33
1
*
142
1
0
22
0
*
143
1
0
27
1
*
144
0
1
35
1
*
145
1
0
18
1
*
146
1
1
15
2
*
147
0
0
14
1
*
148
0
1
14
1
*
149
0
1
24
0
*
150
0
1
33
2
*
151
0
1
20
1
*
152
1
1
35
1
*
153
1
1
25
1
*
154
0
1
15
1
*
155
1
0
12
2
*
156
1
0
12
1
*
157
0
0
7
1
*
158
1
0
27
2
*
159
1
1
25
1
*
160
1
0
10
1
*
161
1
0
29
0
*
162
1
1
15
1
*
163
1
0
19
1
*
164
0
1
26
1
*
165
1
0
14
1
*
166
1
1
21
2
*
167
1
0
31
1
*
168
1
0
5
0
*
169
1
1
26
2
*
170
1
0
28
2
*
171
0
1
23
1
*
172
0
0
18
1
*
173
1
0
19
2
*
174
1
0
19
1
*
175
0
1
11
0
*
176
0
0
7
2
*
177
1
0
29
0
*
178
0
1
32
2
*
179
0
0
24
1
*
180
1
1
25
1
*
181
0
1
33
2
*
182
0
0
24
2
*
183
0
0
19
2
*
184
0
1
23
2
*
185
1
1
33
2
*
186
1
0
20
0
*
187
1
1
14
2
*
188
1
1
24
1
*
189
1
1
15
0
*
190
0
0
9
1
*
191
0
1
22
1
*
192
0
0
8
1
*
193
0
0
23
1
*
194
1
0
7
2
*
195
1
1
32
0
*
196
0
0
7
1
*
197
0
1
11
1
*
198
1
1
25
1
*
199
1
0
21
2
*
200
0
1
34
1
*
201
1
1
21
1
*
202
0
0
16
0
*
203
0
1
16
1
*
204
0
1
32
0
*
205
0
1
21
2
*
206
1
0
27
2
*
207
1
0
20
1
*
208
1
1
20
1
*
209
1
0
33
1
*
210
0
0
12
0
*
211
1
0
6
1
*
212
1
1
6
1
*
213
0
1
18
1
*
214
1
1
5
1
*
215
0
0
32
2
*
216
1
1
14
2
*
217
1
1
30
1
*
218
0
1
31
1
*
219
1
0
28
1
*
220
0
1
16
1
*
221
0
0
12
1
*
222
1
1
21
1
*
223
1
0
17
0
*
224
0
0
24
1
*
225
1
0
12
1
*
226
1
0
8
2
*
227
0
0
28
2
*
228
0
0
10
2
*
229
0
0
18
1
*
230
0
0
10
0
*
231
0
0
6
1
*
232
1
0
5
0
*
233
0
1
9
1
*
234
1
0
32
0
*
235
1
0
25
1
*
236
1
1
27
2
*
237
1
1
24
1
*
238
0
0
32
2
*
239
0
1
35
0
*
240
1
1
5
2
*
241
0
0
20
2
*
242
1
1
22
2
*
243
1
1
31
0
*
244
1
0
6
0
*
245
1
0
18
2
*
246
0
0
30
1
*
247
0
1
17
2
*
248
1
0
8
1
*
249
1
1
21
0
*
250
0
1
24
0
*
251
0
1
13
1
*
252
0
0
25
1
*
253
0
0
29
1
*
254
0
0
19
1
*
255
1
0
18
1
*
256
0
1
14
2
*
257
0
0
35
0
*
258
0
0
15
2
*
259
0
0
9
2
*
260
1
0
28
2
*
261
1
1
10
2
*
262
0
1
11
1
*
263
0
1
22
1
*
264
1
1
20
2
*
265
0
1
6
1
*
266
1
0
23
1
*
267
1
0
28
1
*
268
0
0
33
1
*
269
0
0
26
2
*
270
1
0
10
1
*
271
0
0
32
1
*
272
0
0
17
1
*
273
1
1
23
1
*
274
0
0
20
1
*
275
1
0
6
1
*
276
1
1
19
2
*
277
1
0
34
2
*
278
0
0
29
2
*
279
0
1
25
1
*
280
0
1
33
2
*
281
0
1
17
0
*
282
1
1
18
2
*
283
1
0
29
1
*
284
0
0
15
1
*
285
0
0
35
1
*
286
1
0
33
1
*
287
0
1
21
1
*
288
1
0
9
2
*
289
0
1
26
1
*
290
0
0
11
1
*
291
0
1
16
2
*
292
1
1
12
1
*
293
1
0
17
2
*
294
0
1
30
1
*
295
1
1
17
1
*
296
1
0
14
1
*
297
1
1
31
2
*
298
1
0
34
0
*
299
1
1
13
2
*
300
0
1
7
0
*
301
1
0
14
0
*
302
0
0
7
2
*
303
1
0
14
1
*
304
1
1
24
0
*
305
1
1
7
2
*
306
1
1
7
0
*
307
0
0
19
2
*
308
1
1
24
2
*
309
0
0
6
1
*
310
1
1
8
0
*
311
1
0
26
1
*
312
0
0
11
2
*
313
1
1
26
0
*
314
1
0
20
1
*
315
1
1
31
2
*
316
0
1
5
0
*
317
1
1
12
2
*
318
0
1
19
1
*
319
1
1
33
1
*
320
0
0
25
1
*
321
0
0
21
2
*
322
0
1
23
2
*
323
1
1
23
2
*
324
1
0
20
1
*
325
1
1
8
2
*
326
0
1
10
1
*
327
0
1
20
1
*
328
0
0
30
0
*
329
0
0
14
1
*
330
1
1
27
2
*
331
1
0
31
2
*
332
0
1
33
1
*
333
0
1
20
0
*
334
0
0
5
0
*
335
0
1
12
1
*
336
1
1
34
2
*
337
0
1
28
2
*
338
0
1
32
1
*
339
1
1
10
2
*
340
0
1
16
2
*
341
1
1
33
2
*
342
1
0
12
2
*
343
1
0
13
1
*
344
0
1
6
2
*
345
0
0
33
2
*
346
1
1
23
1
*
347
1
1
16
2
*
348
1
1
10
1
*
349
0
1
6
2
*
350
1
0
13
1
*
351
1
1
22
0
*
352
0
0
35
1
*
353
0
1
24
0
*
354
1
1
6
2
*
355
1
0
32
1
*
356
0
0
16
2
*
357
1
0
28
2
*
358
0
1
7
1
*
359
1
0
20
1
*
360
0
0
30
0
*
361
0
0
21
1
*
362
0
1
26
1
*
363
1
0
20
2
*
364
0
0
29
0
*
365
0
0
27
1
*
366
1
0
14
2
*
367
0
0
19
0
*
368
1
0
10
1
*
369
0
1
22
2
*
370
0
0
21
2
*
371
1
0
30
0
*
372
0
1
21
1
*
373
1
1
11
2
*
374
1
1
6
1
*
375
1
1
21
1
*
376
1
1
28
0
*
377
1
1
7
2
*
378
1
0
8
1
*
379
0
1
9
1
*
380
1
1
22
2
*
381
1
0
31
2
*
382
0
1
24
2
*
383
0
0
9
2
*
384
0
1
31
0
*
385
0
1
31
2
*
386
0
1
10
1
*
387
0
0
33
0
*
388
0
0
22
1
*
389
0
0
15
1
*
390
0
0
31
0
*
391
1
1
7
1
*
392
1
1
5
1
*
393
0
0
22
1
*
394
1
1
11
1
*
395
0
1
28
0
*
396
1
1
25
1
*
397
0
0
25
2
*
398
0
0
14
2
*
399
1
1
25
0
*
400
0
0
35
1
*
401
0
1
8
1
*
402
0
1
17
0
*
403
1
1
9
0
*
404
1
1
30
0
*
405
1
1
15
0
*
406
0
0
13
0
*
407
0
1
18
2
*
408
0
0
35
1
*
409
1
0
5
2
*
410
0
1
11
2
*
411
0
0
28
1
*
412
0
1
30
0
*
413
0
1
29
1
*
414
1
1
8
2
*
415
1
0
31
1
*
416
1
1
32
0
*
417
1
1
20
2
*
418
0
0
17
0
*
419
1
1
10
1
*
420
1
1
33
1
*
421
1
1
30
0
*
422
0
0
23
1
*
423
0
1
35
2
*
424
0
0
22
1
*
425
1
0
18
1
*
426
0
1
33
2
*
427
1
1
12
1
*
428
0
1
7
2
*
429
1
0
27
2
*
430
0
0
20
1
*
431
0
1
5
0
*
432
0
1
12
1
*
433
0
1
14
0
*
434
1
0
7
0
*
435
0
1
30
0
*
436
1
1
7
1
*
437
1
1
8
2
*
438
1
0
26
1
*
439
1
1
7
1
*
440
0
0
26
2
*
441
0
0
10
1
*
442
1
1
30
0
*
443
0
1
31
0
*
444
0
1
9
2
*
445
1
0
20
1
*
446
1
0
34
1
*
447
0
1
9
2
*
448
1
0
18
2
*
449
0
0
24
2
*
450
1
0
28
1
*
451
0
0
6
1
*
452
0
1
28
1
*
453
1
1
30
1
*
454
1
1
17
1
*
455
1
1
35
1
*
456
0
0
7
1
*
457
1
0
7
1
*
458
0
0
30
1
*
459
0
1
14
2
*
460
0
1
23
2
*
461
0
0
24
1
*
462
0
1
30
1
*
463
0
1
6
1
*
464
1
1
22
2
*
465
0
1
29
1
*
466
1
1
29
1
*
467
0
0
17
1
*
468
1
0
15
1
*
469
1
1
18
2
*
470
1
1
16
2
*
471
0
1
6
2
*
472
0
1
5
0
*
473
0
1
19
0
*
474
0
1
8
2
*
475
0
1
6
1
*
476
1
1
31
1
*
477
0
0
17
1
*
478
0
0
9
1
*
479
1
0
33
1
*
480
1
1
5
2
*
481
0
1
5
1
*
482
0
0
15
1
*
483
1
1
25
1
*
484
0
1
12
0
*
485
1
1
11
1
*
486
0
0
14
2
*
487
0
1
33
1
*
488
0
0
27
1
*
489
1
1
20
1
*
490
1
1
27
2
*
491
1
1
19
2
*
492
1
0
26
1
*
493
1
1
24
2
*
494
0
1
9
1
*
495
1
0
20
1
*
496
0
0
29
2
*
497
1
0
11
1
*
498
0
1
17
0
*
499
1
0
35
1
*
500
1
1
14
1
*
501
0
0
35
2
*
502
1
0
24
1
*
503
1
1
12
1
*
504
0
1
31
1
*
505
0
1
14
0
*
506
0
0
24
1
*
507
0
0
30
1
*
508
1
0
23
0
*
509
0
0
31
1
*
510
1
1
31
2
*
511
0
0
35
1
*
512
1
1
35
2
*
513
1
1
11
0
*
514
0
0
22
1
*
515
0
1
20
2
*
516
0
1
11
1
*
517
0
1
26
2
*
518
0
0
34
1
*
519
0
0
34
1
*
520
0
1
30
0
*
521
1
1
24
2
*
522
1
1
11
2
*
523
1
1
26
0
*
524
0
0
15
2
*
525
1
0
16
0
*
526
0
0
34
2
*
527
1
1
21
1
*
528
0
1
19
0
*
529
1
1
20
2
*
530
1
1
28
1
*
531
0
1
27
2
*
532
0
0
24
0
*
533
1
0
7
0
*
534
0
1
28
1
*
535
1
1
20
2
*
536
0
1
28
1
*
537
0
1
33
1
*
538
1
1
27
2
*
539
1
1
8
1
*
540
0
0
27
2
*
541
0
0
34
1
*
542
0
0
28
2
*
543
1
1
22
0
*
544
0
1
29
1
*
545
1
0
14
2
*
546
1
1
5
0
*
547
0
0
28
2
*
548
1
0
34
0
*
549
1
1
7
0
*
550
1
1
10
0
*
551
1
1
19
1
*
552
0
0
17
2
*
553
1
1
31
0
*
554
0
0
6
0
*
555
0
1
21
1
*
556
1
0
32
1
*
557
0
0
21
0
*
558
1
1
9
2
*
559
1
1
32
1
*
560
1
1
10
1
*
561
1
1
8
1
*
562
1
1
15
2
*
563
0
1
10
1
*
564
1
1
20
0
*
565
0
1
16
1
*
566
0
0
21
2
*
567
0
1
25
0
*
568
1
1
11
1
*
569
1
1
11
0
*
570
1
0
18
2
*
571
1
0
6
1
*
572
0
1
19
1
*
573
0
1
11
1
*
574
0
0
17
2
*
575
0
0
11
1
*
576
1
0
30
1
*
577
1
0
31
1
*
578
0
1
26
0
*
579
0
0
19
1
*
580
1
1
21
0
*
581
0
1
13
1
*
582
1
0
8
2
*
583
1
1
29
2
*
584
0
0
34
2
*
585
0
0
31
0
*
586
1
1
21
1
*
587
1
0
14
2
*
588
1
1
10
2
*
589
0
1
16
1
*
590
0
1
16
0
*
591
1
1
25
0
*
592
0
0
27
1
*
593
0
0
27
2
*
594
0
1
25
1
*
595
1
0
24
1
*
596
1
1
26
1
*
597
0
0
22
2
*
598
0
1
14
1
*
599
0
1
30
2
*
600
0
1
7
1
*
601
1
1
17
1
*
602
0
1
22
0
*
603
0
0
12
1
*
604
1
0
17
0
*
605
0
0
7
1
*
606
0
1
24
1
*
607
1
0
27
2
*
608
1
0
11
2
*
609
1
1
34
2
*
610
0
0
12
1
*
611
1
1
20
2
*
612
0
0
12
2
*
613
0
0
33
2
*
614
1
0
13
2
*
615
0
0
31
1
*
616
0
0
27
2
*
617
0
1
19
1
*
618
1
0
16
1
*
619
1
0
13
1
*
620
0
0
25
2
*
621
1
0
9
2
*
622
1
0
9
1
*
623
1
0
11
1
*
624
1
1
30
2
*
625
1
1
30
0
*
626
1
0
24
0
*
627
0
0
20
1
*
628
0
0
10
1
*
629
1
1
32
0
*
630
0
1
28
2
*
631
0
0
33
2
*
632
0
1
29
0
*
633
0
0
10
1
*
634
1
1
13
0
*
635
1
1
30
1
*
636
1
0
35
2
*
637
1
0
9
1
*
638
1
1
16
1
*
639
1
1
35
2
*
640
0
0
35
0
*
641
0
1
23
1
*
642
0
0
16
0
*
643
1
0
34
0
*
644
1
0
10
2
*
645
0
0
8
2
*
646
1
1
12
1
*
647
0
0
30
1
*
648
1
0
6
0
*
649
0
1
35
1
*
650
1
1
18
2
*
651
0
0
26
1
*
652
1
1
17
2
*
653
0
1
16
0
*
654
1
0
35
2
*
655
0
1
23
2
*
656
1
0
33
2
*
657
0
0
35
2
*
658
1
1
9
2
*
659
0
1
30
2
*
660
1
1
22
2
*
661
0
1
20
2
*
662
1
1
25
0
*
663
0
1
5
2
*
664
1
1
23
2
*
665
0
1
25
2
*
666
0
1
24
2
*
667
1
0
31
0
*
668
0
0
19
1
*
669
0
1
6
2
*
670
1
0
7
1
*
671
0
0
15
1
*
672
1
0
10
2
*
673
1
0
35
1
*
674
1
1
25
1
*
675
1
1
29
1
*
676
0
0
13
1
*
677
1
0
21
2
*
678
1
1
7
2
*
679
1
1
14
2
*
680
1
1
30
0
*
681
1
0
32
0
*
682
0
1
11
1
*
683
0
1
24
0
*
684
0
1
25
0
*
685
1
0
21
1
*
686
0
0
28
1
*
687
1
1
27
1
*
688
0
0
33
1
*
689
0
1
24
0
*
690
1
0
24
0
*
691
0
0
5
1
*
692
1
0
31
2
*
693
1
1
23
1
*
694
0
0
15
1
*
695
0
0
19
2
*
696
1
0
35
1
*
697
0
0
24
2
*
698
1
0
29
1
*
699
0
1
34
0
*
700
0
1
9
2
*
701
0
1
34
1
*
702
0
1
12
2
*
703
0
1
31
0
*
704
0
1
34
2
*
705
1
0
14
1
*
706
0
1
31
1
*
707
1
1
8
1
*
708
1
1
26
2
*
709
1
1
13
2
*
710
0
0
31
0
*
711
1
0
24
2
*
712
0
1
13
1
*
713
1
0
7
1
*
714
1
1
13
1
*
715
1
1
13
0
*
716
0
0
5
0
*
717
1
1
7
0
*
718
1
0
28
0
*
719
1
1
15
1
*
720
0
1
7
1
*
721
1
1
8
2
*
722
1
1
10
1
*
723
0
1
33
2
*
724
1
0
11
1
*
725
0
1
20
0
*
726
0
1
24
1
*
727
0
0
6
0
*
728
0
1
32
1
*
729
1
0
14
1
*
730
1
0
20
0
*
731
0
1
35
2
*
732
1
0
32
2
*
733
0
0
18
1
*
734
1
0
32
1
*
735
1
0
23
1
*
736
1
0
30
2
*
737
0
0
33
2
*
738
0
1
11
1
*
739
0
0
6
0
*
740
1
1
30
0
*
741
1
0
28
0
*
742
1
0
23
2
*
743
1
1
9
1
*
744
0
0
23
0
*
745
1
1
19
0
*
746
0
0
29
0
*
747
1
0
25
2
*
748
0
1
8
2
*
749
0
1
8
2
*
750
1
1
33
2
*
751
1
0
34
1
*
752
0
1
32
0
*
753
0
0
24
1
*
754
0
1
31
1
*
755
0
1
16
1
*
756
0
0
34
2
*
757
0
0
7
0
*
758
1
0
17
1
*
759
0
0
21
2
*
760
0
0
18
1
*
761
1
1
35
0
*
762
0
1
25
1
*
763
0
1
35
1
*
764
1
1
14
0
*
765
1
0
14
1
*
766
0
0
17
2
*
767
0
1
16
1
*
768
0
1
33
1
*
769
0
0
6
0
*
770
0
1
7
2
*
771
0
1
30
0
*
772
1
1
19
0
*
773
1
1
28
0
*
774
1
0
28
1
*
775
1
1
30
0
*
776
1
0
31
2
*
777
1
0
23
1
*
778
0
1
21
0
*
779
1
1
24
0
*
780
1
0
27
1
*
781
1
1
19
1
*
782
1
1
28
1
*
783
0
0
7
2
*
784
0
0
16
0
*
785
1
0
15
1
*
786
1
1
32
1
*
787
1
1
6
1
*
788
0
0
11
0
*
789
1
0
10
1
*
790
1
0
15
1
*
791
1
1
21
1
*
792
1
1
24
2
*
793
1
0
35
2
*
794
0
1
8
1
*
795
0
0
35
2
*
796
0
0
20
1
*
797
1
1
18
1
*
798
0
0
17
2
*
799
0
0
7
0
*
800
0
0
17
1
*
801
0
0
22
1
*
802
1
1
29
1
*
803
1
0
11
1
*
804
1
1
25
1
*
805
0
0
15
1
*
806
0
1
18
1
*
807
0
1
8
2
*
808
1
0
15
1
*
809
1
1
19
0
*
810
0
0
33
2
*
811
1
1
21
1
*
812
0
0
19
2
*
813
1
0
9
2
*
814
0
0
21
2
*
815
1
0
19
1
*
816
1
1
10
0
*
817
0
1
12
0
*
818
1
1
24
0
*
819
1
1
11
1
*
820
0
0
25
1
*
821
0
1
9
1
*
822
0
0
34
1
*
823
0
0
27
0
*
824
0
1
30
1
*
825
1
0
27
1
*
826
0
0
26
2
*
827
1
0
28
1
*
828
0
1
11
2
*
829
1
1
23
1
*
830
0
1
16
2
*
831
0
1
23
0
*
832
1
1
22
0
*
833
1
1
15
1
*
834
0
1
18
1
*
835
1
1
7
1
*
836
1
1
9
1
*
837
0
0
13
1
*
838
0
1
11
1
*
839
0
0
31
2
*
840
1
1
30
1
*
841
0
0
28
0
*
842
0
0
19
2
*
843
1
1
21
0
*
844
1
1
34
2
*
845
0
1
24
1
*
846
0
0
17
0
*
847
1
0
24
0
*
848
0
0
30
1
*
849
1
1
27
0
*
850
0
1
8
1
*
851
1
1
21
0
*
852
0
0
25
2
*
853
1
1
8
0
*
854
1
0
32
1
*
855
0
1
9
1
*
856
1
1
34
1
*
857
0
1
17
0
*
858
0
0
20
2
*
859
0
0
13
1
*
860
1
1
13
0
*
861
1
1
25
1
*
862
0
1
6
1
*
863
0
0
13
0
*
864
1
0
14
0
*
865
1
1
30
1
*
866
1
0
22
0
*
867
1
0
27
0
*
868
0
1
33
2
*
869
0
0
22
2
*
870
1
0
10
2
*
871
1
1
21
1
*
872
1
0
13
1
*
873
1
0
8
0
*
874
1
0
33
2
*
875
1
1
20
1
*
876
1
0
20
1
*
877
1
0
26
0
*
878
0
1
10
1
*
879
1
0
20
1
*
880
0
0
23
2
*
881
1
0
18
1
*
882
0
1
20
2
*
883
0
0
18
0
*
884
1
1
9
2
*
885
0
1
30
0
*
886
1
0
6
0
*
887
1
0
21
1
*
888
1
1
30
2
*
889
0
1
14
1
*
890
1
0
30
1
*
891
0
0
5
1
*
892
0
0
19
1
*
893
0
1
14
0
*
894
1
1
6
1
*
895
1
1
29
1
*
896
0
0
25
2
*
897
0
0
18
2
*
898
1
0
18
1
*
899
0
0
32
2
*
900
0
1
34
1
*
901
0
1
5
1
*
902
1
0
35
1
*
903
1
0
35
2
*
904
1
0
26
0
*
905
1
1
30
1
*
906
0
1
23
2
*
907
0
1
34
1
*
908
0
1
27
0
*
909
0
0
11
1
*
910
1
1
19
0
*
911
1
0
30
1
*
912
0
1
27
2
*
913
0
0
11
2
*
914
1
1
30
1
*
915
0
0
23
2
*
916
1
0
11
0
*
917
0
0
29
1
*
918
0
0
14
2
*
919
0
1
8
2
*
920
1
1
33
1
*
921
1
1
20
1
*
922
0
0
5
1
*
923
1
0
26
0
*
924
1
1
27
1
*
925
1
0
28
0
*
926
1
0
17
1
*
927
1
1
9
0
*
928
0
1
11
2
*
929
0
0
33
1
*
930
0
1
10
2
*
931
1
0
14
2
*
932
1
1
35
2
*
933
0
0
35
0
*
934
0
0
14
1
*
935
1
0
20
2
*
936
0
1
31
1
*
937
0
1
16
2
*
938
0
0
26
0
*
939
1
0
32
2
*
940
1
0
12
2
*
941
1
0
23
1
*
942
1
1
19
1
*
943
1
1
30
1
*
944
0
1
19
2
*
945
0
0
11
1
*
946
1
1
10
0
*
947
1
1
19
1
*
948
1
0
33
2
*
949
0
1
21
2
*
950
0
1
13
0
*
951
0
0
35
1
*
952
1
0
9
2
*
953
1
1
28
0
*
954
1
1
26
0
*
955
0
1
15
1
*
956
1
0
32
1
*
957
0
0
24
2
*
958
1
0
31
1
*
959
1
1
30
0
*
960
1
0
23
2
*
961
1
0
12
1
*
962
0
1
10
2
*
963
1
0
20
0
*
964
1
0
19
1
*
965
0
0
25
2
*
966
0
1
18
1
*
967
1
0
17
1
*
968
0
0
11
1
*
969
1
0
35
0
*
970
1
0
24
0
*
971
1
1
13
1
*
972
0
0
27
2
*
973
0
1
10
2
*
974
1
1
28
0
*
975
1
1
11
0
*
976
1
1
30
1
*
977
0
1
23
0
*
978
1
1
18
0
*
979
0
1
24
2
*
980
0
1
34
1
*
981
1
1
20
1
*
982
0
1
11
1
*
983
1
0
22
1
*
984
0
0
28
1
*
985
0
0
22
2
*
986
0
1
10
2
*
987
1
0
14
1
*
988
1
1
7
1
*
989
0
0
24
0
*
990
0
1
6
1
*
991
1
1
16
1
*
992
0
1
24
0
*
993
1
0
31
1
*
994
0
1
33
1
*
995
1
1
16
1
*
996
0
1
7
1
*
997
1
0
35
1
*
998
0
0
5
1
*
999
1
0
5
2
*
1000
1
0
19
0
*
1001
1
0
16
1
*
1002
1
0
23
0
*
1003
0
1
19
1
*
1004
0
1
20
2
*
1005
0
0
21
1
*
1006
1
0
22
0
*
1007
0
1
17
2
*
1008
1
1
15
2
*
1009
0
0
14
1
*
1010
0
0
6
2
*
1011
1
0
26
2
*
1012
1
1
16
0
*
1013
0
0
11
1
*
1014
0
1
31
2
*
1015
1
1
6
1
*
1016
1
0
10
0
*
1017
0
1
14
0
*
1018
0
0
17
2
*
1019
0
1
35
2
*
1020
1
0
7
0
*
1021
0
0
20
1
*
1022
1
1
11
2
*
1023
1
0
32
0
*
1024
1
1
9
2
*
1025
0
1
22
0
*
1026
1
1
34
1
*
1027
0
1
8
1
*
1028
0
1
20
1
*
1029
0
1
8
1
*
1030
1
1
33
1
*
1031
0
1
25
1
*
1032
0
0
19
2
*
1033
1
0
13
2
*
1034
0
0
18
0
*
1035
0
0
29
2
*
1036
1
1
35
2
*
1037
0
0
25
1
*
1038
0
0
30
2
*
1039
1
1
25
2
*
1040
1
0
32
2
*
1041
1
1
25
2
*
1042
1
0
22
1
*
1043
0
0
31
1
*
1044
0
0
5
2
*
1045
1
1
27
1
*
1046
0
1
31
2
*
1047
1
0
22
1
*
1048
1
0
12
1
*
1049
0
0
30
1
*
1050
0
1
21
0
*
1051
0
1
24
1
*
1052
0
1
5
0
*
1053
0
1
15
0
*
1054
1
1
33
0
*
1055
0
1
6
1
*
1056
0
0
16
0
*
1057
1
0
15
1
*
1058
1
0
9
0
*
1059
1
0
26
1
*
1060
1
0
18
1
*
1061
1
1
9
1
*
1062
0
0
26
1
*
1063
0
0
12
2
*
1064
1
1
29
0
*
1065
0
1
6
0
*
1066
1
1
16
1
*
1067
1
1
14
0
*
1068
1
0
31
0
*
1069
0
0
9
2
*
1070
1
1
7
1
*
1071
0
0
12
0
*
1072
0
0
6
1
*
1073
0
0
14
2
*
1074
1
1
25
2
*
1075
0
0
26
1
*
1076
1
0
9
1
*
1077
1
1
10
2
*
1078
1
0
31
1
*
1079
1
0
25
1
*
1080
0
0
14
1
*
1081
0
1
25
1
*
1082
0
0
7
1
*
1083
0
0
17
1
*
1084
1
0
22
0
*
1085
1
0
30
2
*
1086
1
1
27
2
*
1087
1
0
24
1
*
1088
1
1
29
1
*
1089
0
0
34
0
*
1090
1
1
21
1
*
1091
0
1
11
0
*
1092
1
0
34
1
*
1093
1
0
29
2
*
1094
0
0
11
2
*
1095
1
1
26
2
*
1096
1
1
18
1
*
1097
1
1
9
1
*
1098
0
1
10
2
*
1099
1
0
6
1
*
1100
1
0
28
2
*
1101
1
0
6
0
*
1102
0
1
34
2
*
1103
1
0
9
2
*
1104
1
0
15
2
*
1105
1
1
35
1
*
1106
1
0
21
0
*
1107
0
1
21
2
*
1108
1
0
31
1
*
1109
1
1
6
0
*
1110
0
0
35
1
*
1111
1
1
21
0
*
1112
1
0
16
0
*
1113
1
0
35
0
*
1114
1
0
24
2
*
1115
1
0
10
1
*
1116
1
0
17
2
*
1117
0
1
5
1
*
1118
0
1
33
1
*
1119
1
0
8
2
*
1120
0
0
26
1
*
1121
1
0
12
1
*
1122
0
1
9
1
*
1123
1
1
21
1
*
1124
0
0
11
2
*
1125
0
0
26
2
*
1126
0
1
32
1
*
1127
1
1
13
1
*
1128
0
1
9
1
*
1129
0
0
21
1
*
1130
1
1
29
0
*
1131
1
0
18
0
*
1132
1
0
7
2
*
1133
0
0
10
2
*
1134
1
1
14
2
*
1135
1
1
22
1
*
1136
0
1
15
2
*
1137
0
0
7
1
*
1138
0
1
22
1
*
1139
1
1
32
1
*
1140
0
0
24
1
*
1141
0
0
16
0
*
1142
0
0
16
2
*
1143
0
1
20
0
*
1144
1
1
16
0
*
1145
1
1
14
1
*
1146
0
0
6
1
*
1147
1
1
9
2
*
1148
0
1
35
1
*
1149
1
1
17
2
*
1150
0
0
25
2
*
1151
1
1
35
2
*
1152
1
0
34
2
*
1153
0
0
28
1
*
1154
0
0
32
2
*
1155
0
0
31
2
*
1156
0
0
14
1
*
1157
1
1
13
1
*
1158
0
1
5
1
*
1159
1
1
18
2
*
1160
1
0
26
2
*
1161
0
0
16
0
*
1162
1
1
27
0
*
1163
1
0
33
0
*
1164
1
0
7
1
*
1165
1
0
13
1
*
1166
1
1
19
2
*
1167
0
1
23
0
*
1168
1
1
27
0
*
1169
1
0
21
2
*
1170
0
0
15
1
*
1171
1
1
10
1
*
1172
1
0
26
2
*
1173
1
1
26
2
*
1174
0
1
8
0
*
1175
1
1
18
2
*
1176
0
0
32
1
*
1177
1
0
15
2
*
1178
0
1
25
1
*
1179
1
1
10
1
*
1180
1
1
22
0
*
1181
0
1
6
2
*
1182
1
1
31
1
*
1183
0
0
6
2
*
1184
1
0
29
2
*
1185
0
0
33
2
*
1186
1
0
7
1
*
1187
0
1
11
0
*
1188
0
1
8
1
*
1189
1
0
33
1
*
1190
1
1
22
2
*
1191
1
0
18
1
*
1192
0
0
27
2
*
1193
0
0
31
1
*
1194
1
1
34
2
*
1195
1
0
25
1
*
1196
0
0
30
0
*
1197
0
0
15
1
*
1198
0
1
27
2
*
1199
0
1
24
1
*
1200
0
0
19
1
*
1201
0
0
17
2
*
1202
0
0
30
1
*
1203
0
0
12
1
*
1204
0
0
30
2
*
1205
1
1
35
1
*
1206
0
0
8
1
*
1207
1
0
7
1
*
1208
0
0
25
1
*
1209
1
0
15
2
*
1210
1
1
21
2
*
1211
1
0
26
1
*
1212
1
1
35
1
*
1213
0
1
28
2
*
1214
1
0
30
0
*
1215
1
1
25
1
*
1216
1
0
10
0
*
1217
0
1
33
1
*
1218
0
1
25
2
*
1219
0
0
8
1
*
1220
1
0
13
1
*
1221
0
0
13
0
*
1222
0
0
35
1
*
1223
0
0
31
1
*
1224
1
0
26
1
*
1225
1
1
6
1
*
1226
0
0
11
1
*
1227
1
1
17
2
*
1228
1
0
25
0
*
1229
1
1
28
1
*
1230
1
1
13
1
*
1231
1
0
15
0
*
1232
1
1
16
1
*
1233
1
0
19
0
*
1234
1
1
9
2
*
1235
1
0
30
2
*
1236
1
0
5
2
*
1237
1
1
22
2
*
1238
1
1
22
2
*
1239
1
0
5
0
*
1240
1
0
9
1
*
1241
1
0
6
0
*
1242
0
1
15
1
*
1243
0
0
14
1
*
1244
1
1
23
2
*
1245
1
1
23
0
*
1246
1
0
15
1
*
1247
0
1
10
0
*
1248
0
0
14
1
*
1249
0
0
34
1
*
1250
0
0
16
2
*
1251
1
0
9
0
*
1252
1
1
9
0
*
1253
1
0
28
2
*
1254
0
0
30
0
*
1255
1
1
7
0
*
1256
1
1
15
2
*
1257
0
0
22
2
*
1258
1
0
24
2
*
1259
0
1
18
1
*
1260
1
1
23
2
*
1261
1
1
15
2
*
1262
1
0
31
1
*
1263
1
0
11
2
*
1264
1
1
29
2
*
1265
1
1
10
1
*
1266
0
0
9
2
*
1267
0
1
33
2
*
1268
1
0
20
1
*
1269
1
0
29
2
*
1270
1
1
17
2
*
1271
0
1
26
1
*
1272
1
1
13
0
*
1273
1
1
35
1
*
1274
1
1
8
1
*
1275
0
1
7
1
*
1276
0
0
25
2
*
1277
0
0
31
2
*
1278
1
1
11
2
*
1279
0
0
18
2
*
1280
0
0
11
2
*
1281
1
1
6
1
*
1282
1
0
35
0
*
1283
1
1
9
2
*
1284
0
1
25
2
*
1285
0
0
18
1
*
1286
0
0
10
0
*
1287
1
0
24
1
*
1288
0
1
29
2
*
1289
1
1
17
1
*
1290
1
1
13
2
*
1291
0
1
23
1
*
1292
0
0
26
1
*
1293
0
1
9
1
*
1294
0
0
13
2
*
1295
1
0
26
2
*
1296
1
0
7
2
*
1297
1
0
7
2
*
1298
0
0
12
0
*
1299
1
0
26
2
*
1300
0
0
31
1
*
1301
0
1
26
0
*
1302
0
1
13
2
*
1303
1
1
11
1
*
1304
1
0
10
1
*
1305
1
1
30
2
*
1306
0
0
26
2
*
1307
0
0
26
0
*
1308
0
0
22
2
*
1309
0
0
8
1
*
1310
0
1
5
2
*
1311
0
1
14
1
*
1312
1
0
32
1
*
1313
0
0
22
1
*
1314
0
1
21
1
*
1315
1
0
30
1
*
1316
1
0
15
1
*
1317
0
0
13
2
*
1318
0
1
15
2
*
1319
1
0
30
1
*
1320
1
0
14
2
*
1321
1
1
32
1
*
1322
1
0
30
1
*
1323
0
0
32
2
*
1324
1
0
9
0
*
1325
1
0
6
2
*
1326
0
0
19
2
*
1327
0
1
8
1
*
1328
1
0
24
1
*
1329
1
1
26
1
*
1330
1
1
33
1
*
1331
1
1
26
1
*
1332
0
1
31
0
*
1333
1
0
16
0
*
1334
1
0
35
1
*
1335
1
1
11
1
*
1336
0
1
24
2
*
1337
1
1
34
2
*
1338
0
0
6
2
*
1339
0
1
6
2
*
1340
0
1
24
0
*
1341
1
0
20
2
*
1342
1
1
13
1
*
1343
1
1
15
1
*
1344
0
0
11
2
*
1345
1
0
14
2
*
1346
0
0
15
1
*
1347
0
1
31
2
*
1348
1
1
9
0
*
1349
0
0
34
2
*
1350
0
1
21
0
*
1351
1
1
35
1
*
1352
1
1
27
0
*
1353
0
1
22
0
*
1354
0
1
14
2
*
1355
1
1
26
2
*
1356
1
0
26
2
*
1357
0
0
21
2
*
1358
1
1
8
1
*
1359
1
1
11
1
*
1360
0
1
27
0
*
1361
0
1
19
2
*
1362
1
1
35
1
*
1363
0
0
23
1
*
1364
0
1
9
1
*
1365
0
0
30
0
*
1366
1
1
31
0
*
1367
0
1
23
0
*
1368
0
0
19
2
*
1369
1
0
18
2
*
1370
0
1
18
0
*
1371
0
1
8
1
*
1372
1
1
14
0
*
1373
0
1
23
1
*
1374
0
1
24
1
*
1375
0
0
23
1
*
1376
0
0
11
0
*
1377
1
1
26
2
*
1378
0
0
9
0
*
1379
1
0
13
1
*
1380
0
0
28
0
*
1381
0
1
25
1
*
1382
1
0
6
1
*
1383
0
0
15
2
*
1384
1
1
14
1
*
1385
1
1
17
2
*
1386
0
1
10
2
*
1387
0
1
8
2
*
1388
1
0
5
2
*
1389
0
0
15
2
*
1390
1
1
17
1
*
1391
0
0
16
1
*
1392
1
1
22
0
*
1393
1
0
9
2
*
1394
1
0
14
1
*
1395
0
1
25
1
*
1396
0
0
34
2
*
1397
1
0
20
1
*
1398
0
1
18
1
*
1399
1
0
33
1
*
1400
0
0
13
1
*
1401
1
0
7
2
*
1402
0
1
30
2
*
1403
0
0
13
2
*
1404
0
0
15
1
*
1405
0
1
10
1
*
1406
0
1
10
2
*
1407
0
1
15
0
*
1408
0
1
27
2
*
1409
1
0
26
2
*
1410
0
0
12
1
*
1411
1
1
12
1
*
1412
0
1
17
0
*
1413
1
1
31
1
*
1414
0
0
30
1
*
1415
1
0
11
0
*
1416
0
1
27
2
*
1417
0
1
26
0
*
1418
0
1
11
2
*
1419
0
0
25
1
*
1420
0
0
16
1
*
1421
0
1
22
0
*
1422
1
0
9
1
*
1423
0
0
6
2
*
1424
0
0
14
1
*
1425
1
1
9
2
*
1426
0
0
21
0
*
1427
1
1
24
1
*
1428
0
0
18
2
*
1429
0
1
23
1
*
1430
0
1
18
0
*
1431
0
1
26
2
*
1432
1
0
17
2
*
1433
1
0
35
1
*
1434
1
0
7
1
*
1435
1
1
26
2
*
1436
1
1
33
1
*
1437
1
1
24
2
*
1438
1
1
19
1
*
1439
0
1
15
0
*
1440
0
1
35
1
*
1441
0
1
7
1
*
1442
1
1
33
1
*
1443
1
0
8
2
*
1444
1
1
10
2
*
1445
1
0
11
2
*
1446
0
1
15
1
*
1447
1
0
28
0
*
1448
1
1
9
2
*
1449
0
1
7
1
*
1450
1
0
29
2
*
1451
0
0
30
1
*
1452
0
1
21
1
*
1453
1
1
20
1
*
1454
0
1
27
0
*
1455
1
0
20
1
*
1456
1
1
32
1
*
1457
1
0
32
2
*
1458
0
0
21
1
*
1459
0
1
22
1
*
1460
0
0
27
1
*
1461
0
0
30
2
*
1462
0
1
13
1
*
1463
1
1
31
1
*
1464
0
0
13
1
*
1465
1
0
5
2
*
1466
1
0
11
1
*
1467
1
0
34
2
*
1468
1
1
7
0
*
1469
1
0
5
1
*
1470
0
0
26
1
*
1471
0
0
26
1
*
1472
1
1
34
1
*
1473
1
1
12
0
*
1474
1
1
24
2
*
1475
1
0
34
0
*
1476
1
0
10
2
*
1477
1
1
17
0
*
1478
1
0
20
0
*
1479
0
1
7
0
*
1480
0
0
35
2
*
1481
1
1
19
2
*
1482
1
1
6
2
*
1483
0
0
6
1
*
1484
0
0
31
1
*
1485
1
1
27
1
*
1486
1
1
27
0
*
1487
0
1
9
1
*
1488
1
1
15
1
*
1489
1
0
24
1
*
1490
1
0
18
0
*
1491
1
0
22
1
*
1492
1
1
31
0
*
1493
1
0
31
0
*
1494
0
0
24
2
*
1495
1
0
17
1
*
1496
1
1
26
1
*
1497
0
1
12
2
*
1498
0
1
30
1
*
1499
0
1
15
0
*
1500
1
0
15
2
*
1501
0
1
17
0
*
1502
1
0
35
2
*
1503
0
0
27
2
*
1504
1
0
19
2
*
1505
1
1
13
0
*
1506
1
0
24
2
*
1507
1
1
28
1
*
1508
1
1
5
1
*
1509
1
0
9
1
*
1510
0
0
24
1
*
1511
1
1
28
0
*
1512
0
0
17
1
*
1513
1
0
10
2
*
1514
0
1
33
0
*
1515
0
1
7
2
*
1516
0
1
22
0
*
1517
1
0
33
2
*
1518
1
1
35
1
*
1519
1
1
13
2
*
1520
1
1
16
1
*
1521
0
0
21
1
*
1522
1
1
22
0
*
1523
0
1
5
1
*
1524
1
1
10
2
*
1525
1
1
31
0
*
1526
0
0
5
2
*
1527
1
0
17
2
*
1528
1
0
16
1
*
1529
1
1
16
1
*
1530
0
0
25
0
*
1531
1
1
28
2
*
1532
0
0
19
1
*
1533
0
0
20
2
*
1534
0
1
35
0
*
1535
0
1
34
1
*
1536
0
1
20
2
*
1537
1
1
12
2
*
1538
1
0
15
2
*
1539
1
0
10
2
*
1540
0
1
33
1
*
1541
0
1
31
1
*
1542
1
0
9
2
*
1543
0
1
32
0
*
1544
1
0
31
0
*
1545
1
0
10
2
*
1546
1
0
15
1
*
1547
1
1
7
1
*
1548
0
1
31
1
*
1549
1
0
12
0
*
1550
0
0
27
1
*
1551
1
0
27
1
*
1552
0
1
26
0
*
1553
0
0
32
1
*
1554
1
0
7
0
*
1555
1
0
29
1
*
1556
1
1
21
1
*
1557
0
1
27
2
*
1558
0
1
8
0
*
1559
1
1
31
0
*
1560
1
1
19
2
*
1561
0
1
21
0
*
1562
0
1
30
2
*
1563
0
1
6
2
*
1564
0
1
5
2
*
1565
1
0
18
1
*
1566
0
0
14
2
*
1567
0
1
12
1
*
1568
0
1
31
0
*
1569
0
1
29
1
*
1570
0
0
35
1
*
1571
1
1
25
1
*
1572
1
1
19
2
*
1573
0
1
16
1
*
1574
1
1
20
2
*
1575
1
0
8
0
*
1576
1
0
19
2
*
1577
1
0
13
1
*
1578
1
0
32
1
*
1579
0
1
10
0
*
1580
1
1
14
2
*
1581
0
1
26
0
*
1582
0
0
8
0
*
1583
0
1
5
0
*
1584
0
1
6
0
*
1585
0
1
32
1
*
1586
1
1
22
0
*
1587
1
0
8
1
*
1588
1
0
8
1
*
1589
0
1
27
0
*
1590
0
1
25
2
*
1591
0
1
10
1
*
1592
0
1
34
1
*
1593
0
1
22
2
*
1594
0
1
21
0
*
1595
0
0
7
2
*
1596
1
1
18
1
*
1597
1
0
10
1
*
1598
0
1
26
1
*
1599
1
0
20
2
*
1600
0
1
33
1
*
1601
1
1
10
2
*
1602
1
0
21
1
*
1603
0
0
28
1
*
1604
1
0
26
1
*
1605
0
1
27
1
*
1606
1
1
35
2
*
1607
0
1
35
0
*
1608
1
1
30
2
*
1609
0
0
11
0
*
1610
0
1
11
1
*
1611
1
1
30
2
*
1612
0
0
24
1
*
1613
1
1
7
2
*
1614
1
0
15
1
*
1615
0
1
15
1
*
1616
0
1
18
1
*
1617
1
1
15
2
*
1618
1
1
5
0
*
1619
1
1
20
0
*
1620
0
0
17
1
*
1621
1
0
33
2
*
1622
0
1
9
0
*
1623
1
0
35
1
*
1624
0
1
18
1
*
1625
0
0
25
1
*
1626
0
1
29
1
*
1627
1
0
15
1
*
1628
0
0
34
1
*
1629
0
0
17
2
*
1630
0
0
15
0
*
1631
0
0
6
0
*
1632
1
1
7
2
*
1633
1
1
35
1
*
1634
1
0
11
2
*
1635
1
0
28
1
*
1636
0
1
30
2
*
1637
1
0
26
2
*
1638
1
1
8
2
*
1639
0
1
11
0
*
1640
0
0
27
0
*
1641
1
1
23
2
*
1642
1
1
14
1
*
1643
0
0
6
2
*
1644
0
0
10
1
*
1645
0
1
24
2
*
1646
1
1
13
2
*
1647
1
0
10
1
*
1648
1
1
29
1
*
1649
0
1
25
0
*
1650
0
0
22
1
*
1651
0
0
10
1
*
1652
1
0
13
1
*
1653
0
1
30
0
*
1654
1
1
6
1
*
1655
0
1
35
0
*
1656
0
0
19
1
*
1657
0
0
17
1
*
1658
1
1
26
1
*
1659
0
1
7
1
*
1660
1
0
20
2
*
1661
0
0
34
1
*
1662
0
1
30
2
*
1663
0
0
32
2
*
1664
0
1
10
2
*
1665
1
0
14
1
*
1666
1
1
10
1
*
1667
0
0
27
1
*
1668
0
0
26
1
*
1669
0
1
21
1
*
1670
0
0
13
0
*
1671
1
1
18
1
*
1672
1
0
11
1
*
1673
0
0
21
1
*
1674
1
0
6
2
*
1675
0
1
23
0
*
1676
1
1
8
0
*
1677
1
0
24
2
*
1678
1
1
23
1
*
1679
0
1
8
0
*
1680
0
1
29
0
*
1681
1
0
17
2
*
1682
1
1
8
2
*
1683
0
0
33
1
*
1684
0
1
13
2
*
1685
1
0
11
0
*
1686
0
0
7
1
*
1687
1
1
25
2
*
1688
1
0
32
1
*
1689
1
1
24
0
*
1690
1
0
28
0
*
1691
1
0
12
0
*
1692
0
0
7
1
*
1693
1
0
15
1
*
1694
1
1
8
1
*
1695
0
1
30
2
*
1696
1
0
15
2
*
1697
0
0
26
0
*
1698
1
0
9
2
*
1699
0
1
20
1
*
1700
1
1
11
0
*
1701
0
1
32
1
*
1702
0
1
11
1
*
1703
0
1
13
1
*
1704
1
0
28
1
*
1705
1
0
20
2
*
1706
0
0
29
2
*
1707
0
0
19
1
*
1708
0
0
7
1
*
1709
1
0
5
2
*
1710
0
0
33
1
*
1711
1
1
27
0
*
1712
1
1
6
0
*
1713
1
0
7
2
*
1714
1
1
8
1
*
1715
0
0
23
0
*
1716
1
1
19
2
*
1717
1
0
31
2
*
1718
0
1
29
1
*
1719
0
0
7
1
*
1720
1
0
30
2
*
1721
0
1
33
2
*
1722
0
0
26
2
*
1723
1
1
22
0
*
1724
1
1
19
1
*
1725
1
0
24
0
*
1726
0
0
35
2
*
1727
1
0
10
1
*
1728
0
1
15
1
*
1729
0
0
12
2
*
1730
1
1
15
2
*
1731
1
0
20
0
*
1732
1
0
19
2
*
1733
0
0
10
1
*
1734
0
0
33
1
*
1735
0
1
10
1
*
1736
1
1
9
2
*
1737
0
1
12
2
*
1738
1
0
13
1
*
1739
1
0
10
0
*
1740
1
1
6
1
*
1741
1
0
24
2
*
1742
1
1
12
1
*
1743
1
0
15
2
*
1744
0
0
12
0
*
1745
1
1
12
2
*
1746
0
0
6
1
*
1747
1
1
24
2
*
1748
1
0
28
1
*
1749
0
0
18
1
*
1750
0
1
10
1
*
1751
0
0
28
2
*
1752
1
0
13
1
*
1753
1
0
13
1
*
1754
1
1
25
2
*
1755
1
1
15
0
*
1756
1
0
21
2
*
1757
0
1
14
1
*
1758
0
1
19
1
*
1759
1
0
21
2
*
1760
1
0
5
2
*
1761
1
0
11
0
*
1762
0
1
15
2
*
1763
1
1
22
2
*
1764
1
0
24
1
*
1765
1
0
16
1
*
1766
1
0
19
1
*
1767
1
0
31
1
*
1768
1
1
28
1
*
1769
0
0
24
1
*
1770
0
0
10
1
*
1771
1
0
20
2
*
1772
1
0
30
2
*
1773
1
1
14
1
*
1774
1
0
11
1
*
1775
1
1
10
1
*
1776
0
1
29
1
*
1777
0
0
30
2
*
1778
0
1
19
2
*
1779
0
0
25
1
*
1780
0
0
26
1
*
1781
1
0
11
1
*
1782
1
1
29
1
*
1783
0
0
16
0
*
1784
1
1
35
1
*
1785
0
1
26
0
*
1786
1
0
6
1
*
1787
1
0
7
0
*
1788
0
0
30
2
*
1789
1
0
7
1
*
1790
0
1
34
1
*
1791
1
0
23
0
*
1792
1
0
27
1
*
1793
1
0
26
0
*
1794
0
1
6
1
*
1795
0
0
7
2
*
1796
0
0
28
1
*
1797
0
1
16
0
*
1798
1
0
33
1
*
1799
1
0
24
1
*
1800
0
0
34
1
*
1801
1
0
6
1
*
1802
0
1
35
2
*
1803
0
1
10
1
*
1804
1
1
30
2
*
1805
1
0
12
2
*
1806
1
0
35
1
*
1807
1
1
21
0
*
1808
0
0
15
2
*
1809
0
1
19
2
*
1810
0
1
28
1
*
1811
1
0
31
1
*
1812
1
0
11
1
*
1813
1
0
31
2
*
1814
0
1
23
2
*
1815
0
1
6
1
*
1816
1
0
24
1
*
1817
1
1
10
1
*
1818
1
0
10
2
*
1819
0
0
6
2
*
1820
0
0
8
1
*
1821
0
1
13
1
*
1822
1
1
31
1
*
1823
1
1
23
1
*
1824
0
0
21
2
*
1825
0
1
32
1
*
1826
1
1
12
1
*
1827
0
1
5
0
*
1828
0
1
30
1
*
1829
1
1
29
2
*
1830
0
1
16
2
*
1831
1
1
14
1
*
1832
1
0
15
1
*
1833
1
0
29
2
*
1834
0
0
26
2
*
1835
1
0
19
1
*
1836
1
1
19
2
*
1837
1
0
7
1
*
1838
0
1
20
1
*
1839
1
0
7
1
*
1840
1
0
13
1
*
1841
0
0
22
2
*
1842
0
0
16
1
*
1843
1
1
11
2
*
1844
0
1
27
0
*
1845
0
0
22
0
*
1846
1
1
17
1
*
1847
1
1
20
2
*
1848
1
1
20
1
*
1849
0
1
31
0
*
1850
1
0
22
2
*
1851
0
1
31
1
*
1852
0
0
28
1
*
1853
0
1
30
2
*
1854
0
0
15
2
*
1855
0
1
21
2
*
1856
0
0
19
0
*
1857
1
0
10
1
*
1858
0
1
27
0
*
1859
0
0
20
0
*
1860
1
0
21
2
*
1861
1
1
34
1
*
1862
1
1
32
1
*
1863
0
1
15
1
*
1864
0
0
28
1
*
1865
1
0
26
1
*
1866
0
1
20
1
*
1867
0
0
27
1
*
1868
0
0
33
0
*
1869
0
1
14
2
*
1870
0
1
23
2
*
1871
1
1
20
0
*
1872
0
1
22
1
*
1873
0
1
17
1
*
1874
0
1
14
2
*
1875
0
1
14
0
*
1876
1
0
26
0
*
1877
1
1
8
1
*
1878
0
0
22
1
*
1879
0
0
33
2
*
1880
1
1
31
1
*
1881
1
0
30
1
*
1882
0
1
13
2
*
1883
0
1
26
2
*
1884
0
0
28
2
*
1885
1
1
31
0
*
1886
0
1
11
0
*
1887
0
0
33
2
*
1888
1
0
9
2
*
1889
1
0
28
1
*
1890
0
1
12
1
*
1891
0
1
7
2
*
1892
0
1
20
2
*
1893
1
0
23
2
*
1894
0
1
11
2
*
1895
0
1
21
1
*
1896
1
0
5
0
*
1897
0
0
19
2
*
1898
0
1
11
0
*
1899
0
1
8
1
*
1900
1
1
9
1
*
1901
0
0
24
1
*
1902
1
1
7
0
*
1903
0
0
12
0
*
1904
1
0
18
1
*
1905
1
1
24
1
*
1906
1
0
11
1
*
1907
0
1
27
1
*
1908
1
0
35
1
*
1909
0
0
5
1
*
1910
0
0
34
1
*
1911
1
0
24
0
*
1912
1
0
35
2
*
1913
1
0
10
2
*
1914
0
1
17
2
*
1915
1
1
31
0
*
1916
1
0
25
1
*
1917
1
1
32
1
*
1918
0
0
9
2
*
1919
1
0
18
1
*
1920
0
1
6
2
*
1921
1
1
23
1
*
1922
1
0
27
2
*
1923
1
1
7
1
*
1924
1
0
28
1
*
1925
1
1
12
1
*
1926
1
0
32
1
*
1927
1
0
35
0
*
1928
1
1
15
0
*
1929
0
0
8
1
*
1930
1
0
24
0
*
1931
1
1
19
2
*
1932
1
0
6
1
*
1933
1
0
19
1
*
1934
0
1
5
1
*
1935
1
1
7
1
*
1936
0
0
30
2
*
1937
1
0
29
1
*
1938
0
1
26
1
*
1939
0
1
21
0
*
1940
1
0
29
1
*
1941
1
1
9
2
*
1942
1
0
35
0
*
1943
0
0
6
0
*
1944
1
0
14
2
*
1945
0
1
21
1
*
1946
1
1
8
1
*
1947
0
1
34
1
*
1948
1
1
34
0
*
1949
0
1
8
1
*
1950
1
1
14
2
*
1951
1
1
9
2
*
1952
0
1
9
2
*
1953
1
0
22
2
*
1954
0
1
22
1
*
1955
1
1
28
1
*
1956
1
1
29
2
*
1957
0
0
35
2
*
1958
0
0
27
1
*
1959
0
1
8
1
*
1960
0
0
9
1
*
1961
0
0
21
1
*
1962
0
1
22
1
*
1963
0
0
35
1
*
1964
1
1
30
0
*
1965
1
1
33
1
*
1966
0
0
13
1
*
1967
1
1
24
0
*
1968
1
0
11
1
*
1969
0
0
15
2
*
1970
0
1
17
2
*
1971
1
0
12
1
*
1972
0
0
15
1
*
1973
0
1
13
2
*
1974
1
0
16
1
*
1975
1
1
33
2
*
1976
0
0
6
0
*
1977
0
1
33
2
*
1978
1
0
14
1
*
1979
1
1
33
0
*
1980
0
1
34
0
*
1981
1
1
31
2
*
1982
0
0
22
1
*
1983
0
0
34
1
*
1984
1
1
31
1
*
1985
1
0
13
0
*
1986
1
1
14
1
*
1987
0
1
12
2
*
1988
0
0
13
2
*
1989
0
0
10
1
*
1990
0
0
27
2
*
1991
0
1
17
1
*
1992
0
0
16
2
*
1993
0
0
17
1
*
1994
0
0
12
2
*
1995
1
0
28
2
*
1996
1
1
21
0
*
1997
0
1
18
2
*
1998
0
0
8
2
*
1999
1
1
32
1
*
2000
1
0
12
0
*
2001
0
0
25
1
*
2002
1
1
23
2
*
2003
1
1
34
0
*
2004
0
0
30
1
*
2005
1
0
34
1
*
2006
1
0
19
1
*
2007
0
0
32
0
*
2008
1
0
11
2
*
2009
1
1
22
2
*
2010
0
0
15
1
*
2011
0
0
27
2
*
2012
0
1
35
2
*
2013
0
0
27
1
*
2014
0
1
35
1
*
2015
1
1
15
1
*
2016
1
0
29
2
*
2017
0
1
31
1
*
2018
0
1
23
1
*
2019
0
1
11
0
*
2020
0
0
14
1
*
2021
0
0
9
1
*
2022
0
1
32
2
*
2023
1
0
28
0
*
2024
0
1
26
1
*
2025
0
1
7
2
*
2026
0
1
5
1
*
2027
0
1
28
1
*
2028
1
0
26
2
*
2029
1
0
30
1
*
2030
0
1
24
2
*
2031
0
0
23
1
*
2032
0
0
18
2
*
2033
1
0
7
1
*
2034
1
1
18
1
*
2035
0
0
6
2
*
2036
1
0
14
0
*
2037
0
0
34
1
*
2038
0
1
8
1
*
2039
0
1
18
1
*
2040
1
0
34
0
*
2041
0
0
24
1
*
2042
0
0
22
2
*
2043
1
1
15
1
*
2044
1
1
19
2
*
2045
1
0
24
2
*
2046
1
1
10
1
*
2047
0
1
12
1
*
2048
0
0
16
1
*
2049
1
0
18
1
*
2050
1
1
6
0
*
2051
0
0
33
1
*
2052
1
0
30
1
*
2053
1
0
32
1
*
2054
0
0
20
0
*
2055
0
1
6
1
*
2056
0
1
30
2
*
2057
1
0
9
2
*
2058
0
1
14
1
*
2059
1
0
22
2
*
2060
1
0
24
0
*
2061
1
1
30
0
*
2062
0
1
21
0
*
2063
0
0
7
0
*
2064
1
1
16
1
*
2065
0
1
11
2
*
2066
0
1
6
1
*
2067
0
1
10
2
*
2068
1
0
19
1
*
2069
1
1
34
1
*
2070
0
0
23
1
*
2071
1
1
5
0
*
2072
1
1
22
0
*
2073
0
1
23
1
*
2074
1
1
16
2
*
2075
0
0
30
2
*
2076
1
1
5
2
*
2077
0
1
23
1
*
2078
1
0
25
1
*
2079
0
1
10
0
*
2080
0
1
19
2
*
2081
0
1
29
1
*
2082
1
0
6
0
*
2083
0
1
18
0
*
2084
1
1
11
1
*
2085
0
0
27
0
*
2086
0
0
11
2
*
2087
0
1
19
2
*
2088
1
1
14
1
*
2089
1
0
12
1
*
2090
0
0
12
0
*
2091
0
0
16
1
*
2092
0
0
29
2
*
2093
0
0
12
0
*
2094
1
1
13
0
*
2095
1
0
12
2
*
2096
1
0
5
1
*
2097
1
0
10
0
*
2098
1
1
35
0
*
2099
0
1
5
0
*
2100
1
0
30
0
*
2101
0
0
21
1
*
2102
1
1
32
0
*
2103
0
1
5
0
*
2104
0
0
26
2
*
2105
1
1
32
0
*
2106
0
0
9
2
*
2107
1
1
8
1
*
2108
0
0
5
0
*
2109
1
0
12
0
*
2110
0
1
30
2
*
2111
0
1
23
2
*
2112
0
1
13
0
*
2113
1
0
17
1
*
2114
0
1
27
1
*
2115
1
1
10
0
*
2116
1
1
27
1
*
2117
0
1
30
1
*
2118
0
1
8
1
*
2119
1
1
16
1
*
2120
1
0
17
1
*
2121
1
1
18
2
*
2122
0
1
17
0
*
2123
0
1
22
2
*
2124
0
1
9
2
*
2125
0
0
35
2
*
2126
0
1
34
2
*
2127
1
1
8
0
*
2128
0
0
15
0
*
2129
1
0
20
0
*
2130
1
1
10
1
*
2131
1
1
10
0
*
2132
0
0
17
2
*
2133
0
0
34
0
*
2134
1
1
32
2
*
2135
1
1
19
0
*
2136
1
1
30
0
*
2137
0
0
17
1
*
2138
1
0
33
1
*
2139
1
0
13
2
*
2140
0
0
32
1
*
2141
1
1
7
0
*
2142
1
0
12
2
*
2143
0
0
13
1
*
2144
0
1
34
0
*
2145
0
1
32
1
*
2146
0
0
11
0
*
2147
1
0
11
1
*
2148
0
1
16
1
*
2149
1
1
16
2
*
2150
0
0
14
1
*
2151
1
1
9
2
*
2152
0
0
31
0
*
2153
0
1
20
1
*
2154
1
1
18
1
*
2155
0
0
18
1
*
2156
1
0
17
1
*
2157
1
0
16
1
*
2158
1
1
16
2
*
2159
1
1
32
0
*
2160
1
1
17
1
*
2161
0
0
5
0
*
2162
1
1
26
1
*
2163
0
1
28
1
*
2164
1
0
35
2
*
2165
0
1
31
1
*
2166
0
1
35
2
*
2167
0
1
22
1
*
2168
1
1
14
2
*
2169
1
0
25
1
*
2170
0
0
29
0
*
2171
0
0
30
1
*
2172
1
1
13
2
*
2173
1
0
12
0
*
2174
0
1
13
1
*
2175
1
1
21
1
*
2176
1
0
21
1
*
2177
1
0
16
0
*
2178
0
0
14
1
*
2179
1
1
34
1
*
2180
1
1
15
1
*
2181
0
0
28
1
*
2182
0
1
25
1
*
2183
1
1
18
1
*
2184
1
1
13
1
*
2185
0
1
21
2
*
2186
1
1
34
2
*
2187
1
1
6
1
*
2188
0
1
31
2
*
2189
0
0
16
0
*
2190
1
0
24
2
*
2191
0
0
33
1
*
2192
1
0
12
1
*
2193
1
0
27
1
*
2194
0
1
12
0
*
2195
0
0
12
2
*
2196
0
1
35
2
*
2197
0
0
24
1
*
2198
0
1
31
2
*
2199
1
1
26
0
*
2200
0
0
25
2
*
2201
0
1
5
1
*
2202
0
1
13
0
*
2203
1
0
19
2
*
2204
0
1
20
1
*
2205
1
1
27
2
*
2206
0
1
20
0
*
2207
1
0
26
2
*
2208
0
1
9
2
*
2209
0
1
29
2
*
2210
1
1
8
1
*
2211
0
0
25
2
*
2212
1
0
33
1
*
2213
1
1
35
0
*
2214
1
1
8
1
*
2215
1
1
25
2
*
2216
1
0
7
0
*
2217
0
1
32
2
*
2218
0
1
17
2
*
2219
1
0
14
2
*
2220
0
1
23
2
*
2221
1
1
19
1
*
2222
0
0
23
2
*
2223
0
1
6
1
*
2224
0
0
6
1
*
2225
1
0
27
1
*
2226
1
0
23
1
*
2227
1
1
12
1
*
2228
0
0
31
1
*
2229
0
0
35
1
*
2230
0
1
13
2
*
2231
0
0
25
2
*
2232
1
0
15
2
*
2233
1
1
27
2
*
2234
1
0
10
2
*
2235
1
0
16
2
*
2236
1
0
35
0
*
2237
1
1
13
1
*
2238
1
1
12
1
*
2239
0
0
23
1
*
2240
0
0
8
1
*
2241
0
1
28
1
*
2242
1
0
9
1
*
2243
0
0
34
1
*
2244
1
1
6
0
*
2245
0
1
7
0
*
2246
0
0
16
1
*
2247
1
1
8
2
*
2248
1
0
9
2
*
2249
1
0
13
0
*
2250
1
0
25
1
*
2251
0
1
25
2
*
2252
1
1
14
0
*
2253
1
1
32
1
*
2254
1
1
27
0
*
2255
1
1
23
0
*
2256
1
0
18
0
*
2257
1
0
34
1
*
2258
0
1
31
1
*
2259
1
1
8
1
*
2260
1
0
35
2
*
2261
1
0
15
1
*
2262
1
1
12
2
*
2263
1
0
18
2
*
2264
1
0
12
1
*
2265
0
0
8
1
*
2266
0
0
7
2
*
2267
1
0
35
2
*
2268
1
0
16
0
*
2269
0
0
7
2
*
2270
1
0
34
1
*
2271
0
1
28
1
*
2272
0
0
24
1
*
2273
1
0
10
1
*
2274
1
1
7
0
*
2275
1
0
32
1
*
2276
0
1
22
2
*
2277
0
0
14
0
*
2278
1
0
33
0
*
2279
0
1
16
2
*
2280
0
1
9
2
*
2281
1
0
11
2
*
2282
1
1
33
0
*
2283
0
1
29
2
*
2284
1
1
28
1
*
2285
1
1
8
0
*
2286
1
1
6
2
*
2287
1
0
27
2
*
2288
0
0
15
1
*
2289
1
0
29
2
*
2290
1
1
10
2
*
2291
0
0
10
1
*
2292
0
1
26
2
*
2293
0
0
15
1
*
2294
1
1
8
2
*
2295
1
1
32
1
*
2296
0
1
5
1
*
2297
1
0
35
1
*
2298
1
0
26
2
*
2299
0
1
30
2
*
2300
0
1
22
1
*
2301
1
0
7
1
*
2302
0
0
34
2
*
2303
1
0
24
2
*
2304
0
1
31
1
*
2305
0
1
34
1
*
2306
1
1
5
0
*
2307
1
0
19
1
*
2308
0
1
13
1
*
2309
0
0
35
1
*
2310
1
0
13
2
*
2311
1
0
14
1
*
2312
1
1
7
1
*
2313
0
0
12
2
*
2314
0
0
18
1
*
2315
0
0
33
1
*
2316
1
1
27
2
*
2317
0
1
12
2
*
2318
0
0
5
1
*
2319
0
0
29
1
*
2320
1
0
26
1
*
2321
1
1
5
1
*
2322
0
1
22
0
*
2323
1
0
24
1
*
2324
1
1
28
0
*
2325
1
0
20
2
*
2326
1
1
17
1
*
2327
1
1
12
2
*
2328
1
1
28
2
*
2329
0
1
14
1
*
2330
0
0
33
0
*
2331
0
0
23
0
*
2332
0
0
13
2
*
2333
1
0
8
1
*
2334
0
1
28
2
*
2335
0
0
35
2
*
2336
1
1
18
1
*
2337
1
1
30
2
*
2338
1
0
22
0
*
2339
0
1
6
2
*
2340
0
0
8
2
*
2341
1
1
27
1
*
2342
1
1
17
2
*
2343
1
1
22
1
*
2344
0
0
27
1
*
2345
1
1
24
0
*
2346
0
0
6
1
*
2347
0
0
32
0
*
2348
1
1
33
2
*
2349
0
0
13
1
*
2350
1
1
10
1
*
2351
1
1
34
1
*
2352
0
0
20
2
*
2353
0
1
14
1
*
2354
0
1
32
1
*
2355
1
0
25
2
*
2356
0
0
18
1
*
2357
0
1
20
2
*
2358
1
0
30
1
*
2359
1
0
7
1
*
2360
1
0
28
2
*
2361
1
0
13
1
*
2362
1
1
31
2
*
2363
0
1
22
2
*
2364
1
1
23
2
*
2365
0
1
31
1
*
2366
1
0
30
0
*
2367
1
0
6
2
*
2368
1
1
23
2
*
2369
1
0
13
1
*
2370
0
1
21
1
*
2371
1
1
14
2
*
2372
1
1
25
2
*
2373
0
1
24
1
*
2374
0
1
35
1
*
2375
0
0
18
1
*
2376
1
1
14
0
*
2377
1
0
21
2
*
2378
1
0
14
0
*
2379
0
1
28
1
*
2380
0
1
28
1
*
2381
0
0
22
1
*
2382
0
1
9
1
*
2383
1
0
30
2
*
2384
0
1
12
1
*
2385
0
1
18
1
*
2386
0
1
13
1
*
2387
1
1
35
1
*
2388
0
1
8
1
*
2389
0
1
26
1
*
2390
0
0
33
1
*
2391
1
0
30
2
*
2392
0
1
6
2
*
2393
1
0
16
2
*
2394
1
1
24
0
*
2395
1
0
11
0
*
2396
1
1
30
0
*
2397
1
0
16
1
*
2398
1
1
31
2
*
2399
0
1
10
1
*
2400
1
1
25
1
*
2401
0
0
33
2
*
2402
1
0
32
1
*
2403
1
0
18
0
*
2404
0
1
12
1
*
2405
1
0
31
1
*
2406
0
1
24
2
*
2407
1
0
31
2
*
2408
1
1
10
1
*
2409
0
0
21
1
*
2410
1
1
9
1
*
2411
1
0
30
2
*
2412
0
1
32
2
*
2413
0
0
33
0
*
2414
1
1
22
2
*
2415
0
0
24
1
*
2416
0
1
7
1
*
2417
1
1
30
2
*
2418
1
1
33
2
*
2419
0
1
27
1
*
2420
0
1
34
0
*
2421
1
0
31
1
*
2422
1
1
34
1
*
2423
0
0
30
2
*
2424
0
0
30
0
*
2425
1
0
31
1
*
2426
1
1
14
2
*
2427
1
0
26
1
*
2428
1
1
34
2
*
2429
0
0
24
2
*
2430
1
0
20
2
*
2431
1
0
10
1
*
2432
1
1
14
2
*
2433
1
0
18
1
*
2434
1
1
35
1
*
2435
1
0
14
2
*
2436
1
1
30
1
*
2437
0
0
34
1
*
2438
1
0
5
1
*
2439
1
1
28
2
*
2440
0
0
7
1
*
2441
1
0
21
1
*
2442
1
0
11
2
*
2443
0
1
6
1
*
2444
0
0
27
0
*
2445
0
0
33
0
*
2446
0
0
28
2
*
2447
0
0
19
1
*
2448
0
1
19
1
*
2449
0
0
23
2
*
2450
0
0
10
1
*
2451
0
0
5
2
*
2452
1
1
32
1
*
2453
1
1
22
2
*
2454
1
1
35
0
*
2455
0
1
26
1
*
2456
0
0
19
2
*
2457
0
1
30
2
*
2458
0
1
24
1
*
2459
1
1
22
2
*
2460
0
0
29
0
*
2461
1
0
22
0
*
2462
1
1
26
1
*
2463
0
1
33
1
*
2464
0
1
9
1
*
2465
1
0
25
2
*
2466
0
0
27
0
*
2467
1
0
17
2
*
2468
1
1
13
2
*
2469
1
0
22
2
*
2470
1
0
19
1
*
2471
0
0
24
1
*
2472
0
0
30
1
*
2473
1
1
19
2
*
2474
1
1
20
0
*
2475
0
0
16
1
*
2476
1
0
9
2
*
2477
0
0
30
0
*
2478
1
1
7
1
*
2479
0
1
13
2
*
2480
1
1
22
2
*
2481
0
0
21
2
*
2482
1
1
19
1
*
2483
1
0
35
0
*
2484
1
1
9
2
*
2485
0
0
29
2
*
2486
0
0
29
2
*
2487
0
0
5
0
*
2488
0
1
21
2
*
2489
1
0
28
1
*
2490
0
1
22
2
*
2491
0
0
34
1
*
2492
1
0
9
2
*
2493
0
0
30
1
*
2494
0
0
26
1
*
2495
0
0
20
1
*
2496
0
1
10
2
*
2497
1
1
8
2
*
2498
1
0
30
1
*
2499
0
0
21
0
*
2500
1
0
17
1
*
2501
1
1
24
0
*
2502
1
0
21
2
*
2503
1
0
16
2
*
2504
1
0
25
1
*
2505
0
1
31
1
*
2506
0
0
11
0
*
2507
1
0
29
1
*
2508
1
0
25
0
*
2509
0
0
15
2
*
2510
1
1
35
2
*
2511
1
1
26
1
*
2512
1
1
7
2
*
2513
0
1
35
1
*
2514
0
1
12
0
*
2515
1
0
18
2
*
2516
0
0
30
1
*
2517
1
0
20
0
*
2518
1
1
14
2
*
2519
0
0
26
1
*
2520
0
0
13
1
*
2521
0
0
26
0
*
2522
0
1
26
1
*
2523
0
1
32
1
*
2524
0
0
35
2
*
2525
0
0
30
1
*
2526
1
1
8
1
*
2527
1
0
24
1
*
2528
1
0
20
0
*
2529
1
1
21
0
*
2530
1
1
12
2
*
2531
0
1
10
1
*
2532
0
1
8
0
*
2533
1
0
18
1
*
2534
1
0
15
2
*
2535
1
1
15
0
*
2536
0
0
13
1
*
2537
1
1
35
1
*
2538
0
1
17
2
*
2539
0
0
20
1
*
2540
0
0
16
1
*
2541
0
0
35
2
*
2542
0
0
30
2
*
2543
1
0
14
2
*
2544
1
0
9
0
*
2545
0
0
33
2
*
2546
0
1
13
1
*
2547
0
0
13
1
*
2548
0
0
12
2
*
2549
0
0
7
2
*
2550
1
1
20
1
*
2551
1
0
6
2
*
2552
1
1
15
1
*
2553
0
0
13
1
*
2554
1
0
10
1
*
2555
0
1
27
1
*
2556
1
1
22
1
*
2557
0
0
11
1
*
2558
0
1
7
1
*
2559
0
0
19
1
*
2560
0
1
32
2
*
2561
0
0
24
2
*
2562
0
0
10
0
*
2563
0
1
14
2
*
2564
0
0
26
0
*
2565
0
1
7
2
*
2566
0
0
19
2
*
2567
1
1
20
0
*
2568
1
1
21
1
*
2569
1
1
13
2
*
2570
0
1
6
1
*
2571
1
1
14
1
*
2572
0
1
31
0
*
2573
1
0
7
1
*
2574
1
0
30
0
*
2575
0
1
26
0
*
2576
1
0
15
0
*
2577
1
0
20
1
*
2578
1
0
11
1
*
2579
0
0
35
1
*
2580
0
1
22
2
*
2581
1
0
5
0
*
2582
0
1
22
1
*
2583
1
1
35
1
*
2584
0
0
5
2
*
2585
1
1
13
1
*
2586
1
1
19
1
*
2587
0
1
33
2
*
2588
1
0
34
0
*
2589
0
1
19
2
*
2590
1
0
34
1
*
2591
0
0
23
1
*
2592
0
0
35
2
*
2593
1
0
27
1
*
2594
1
0
24
2
*
2595
1
1
5
2
*
2596
0
0
29
1
*
2597
1
0
24
1
*
2598
0
1
34
1
*
2599
1
1
20
2
*
2600
1
0
25
2
*
2601
1
1
24
2
*
2602
1
1
25
0
*
2603
1
0
23
0
*
2604
0
0
5
1
*
2605
0
1
29
1
*
2606
0
1
14
2
*
2607
0
0
8
1
*
2608
1
1
25
2
*
2609
0
0
31
1
*
2610
1
1
24
2
*
2611
0
1
25
1
*
2612
0
1
9
0
*
2613
1
1
11
0
*
2614
1
0
8
0
*
2615
0
0
10
0
*
2616
1
0
32
2
*
2617
1
0
12
0
*
2618
0
0
32
2
*
2619
0
1
8
2
*
2620
0
1
14
2
*
2621
1
1
21
2
*
2622
0
0
28
2
*
2623
0
1
14
2
*
2624
1
1
19
2
*
2625
0
1
5
2
*
2626
1
0
22
2
*
2627
0
1
21
2
*
2628
1
0
10
2
*
2629
0
1
22
1
*
2630
0
0
15
1
*
2631
1
0
17
0
*
2632
1
1
29
2
*
2633
1
0
31
1
*
2634
0
0
35
0
*
2635
1
0
17
1
*
2636
1
1
5
2
*
2637
0
0
29
1
*
2638
0
0
18
1
*
2639
0
1
35
1
*
2640
1
0
31
0
*
2641
0
1
15
1
*
2642
0
1
17
1
*
2643
1
0
34
2
*
2644
0
1
6
1
*
2645
0
1
9
1
*
2646
1
0
20
1
*
2647
1
1
28
0
*
2648
1
0
5
2
*
2649
1
1
30
2
*
2650
1
1
35
1
*
2651
1
0
20
1
*
2652
1
0
29
1
*
2653
1
0
13
2
*
2654
1
0
20
2
*
2655
0
1
16
1
*
2656
1
1
27
0
*
2657
0
1
14
0
*
2658
0
1
34
2
*
2659
0
1
34
2
*
2660
1
1
33
0
*
2661
1
1
30
2
*
2662
0
1
22
1
*
2663
1
1
33
2
*
2664
1
0
35
1
*
2665
0
0
12
1
*
2666
1
0
23
2
*
2667
0
0
5
2
*
2668
1
1
30
1
*
2669
0
1
9
1
*
2670
1
1
17
2
*
2671
0
1
22
0
*
2672
1
0
22
2
*
2673
0
1
26
2
*
2674
0
0
20
2
*
2675
0
1
25
1
*
2676
1
0
22
2
*
2677
1
1
10
2
*
2678
1
0
30
0
*
2679
0
1
16
1
*
2680
1
0
14
2
*
2681
0
0
21
2
*
2682
0
1
9
0
*
2683
1
0
13
2
*
2684
0
0
5
1
*
2685
0
1
23
2
*
2686
1
0
31
0
*
2687
1
1
17
0
*
2688
0
0
5
1
*
2689
0
0
32
0
*
2690
0
1
20
1
*
2691
1
0
32
2
*
2692
0
1
5
1
*
2693
0
1
29
0
*
2694
0
1
31
1
*
2695
1
1
6
1
*
2696
1
1
35
0
*
2697
1
1
20
2
*
2698
0
0
8
2
*
2699
1
0
14
2
*
2700
0
1
11
2
*
2701
1
0
13
1
*
2702
1
0
13
2
*
2703
0
0
35
1
*
2704
1
1
26
1
*
2705
1
0
11
1
*
2706
0
1
11
2
*
2707
0
1
17
1
*
2708
1
1
35
1
*
2709
0
1
35
0
*
2710
0
1
10
0
*
2711
0
0
33
0
*
2712
1
1
8
2
*
2713
1
1
30
0
*
2714
0
1
34
2
*
2715
1
1
21
0
*
2716
1
0
18
2
*
2717
0
0
30
2
*
2718
0
0
26
1
*
2719
1
1
34
0
*
2720
1
0
34
0
*
2721
1
1
34
1
*
2722
0
1
13
2
*
2723
0
1
14
1
*
2724
1
1
24
1
*
2725
1
0
25
1
*
2726
1
0
16
0
*
2727
1
0
12
0
*
2728
0
0
34
1
*
2729
1
1
29
2
*
2730
0
0
19
1
*
2731
1
0
12
0
*
2732
1
0
33
0
*
2733
1
0
15
1
*
2734
1
0
21
1
*
2735
0
0
25
1
*
2736
1
0
16
2
*
2737
1
1
10
0
*
2738
0
0
17
2
*
2739
1
0
9
0
*
2740
1
1
8
0
*
2741
1
1
11
2
*
2742
1
0
23
2
*
2743
1
0
6
1
*
2744
1
1
11
1
*
2745
1
1
15
1
*
2746
0
0
27
1
*
2747
1
1
25
2
*
2748
0
0
7
1
*
2749
0
1
6
1
*
2750
1
0
14
2
*
2751
1
0
20
2
*
2752
0
1
5
2
*
2753
1
1
13
0
*
2754
0
0
29
2
*
2755
1
0
29
1
*
2756
0
1
29
0
*
2757
1
0
8
1
*
2758
1
1
21
1
*
2759
1
1
17
0
*
2760
1
0
14
0
*
2761
1
1
20
1
*
2762
1
0
13
1
*
2763
1
0
21
2
*
2764
0
0
11
2
*
2765
1
1
30
0
*
2766
1
0
29
1
*
2767
1
1
23
1
*
2768
1
1
16
1
*
2769
1
0
21
1
*
2770
1
1
25
2
*
2771
0
1
22
0
*
2772
0
0
24
1
*
2773
0
1
18
1
*
2774
1
0
23
1
*
2775
0
0
16
2
*
2776
1
1
29
1
*
2777
0
0
29
0
*
2778
0
0
26
1
*
2779
1
1
35
1
*
2780
1
1
34
1
*
2781
1
1
18
1
*
2782
1
1
34
1
*
2783
0
1
29
2
*
2784
1
1
23
1
*
2785
1
1
16
1
*
2786
1
0
29
1
*
2787
0
1
7
1
*
2788
1
1
6
1
*
2789
0
1
8
1
*
2790
1
1
15
0
*
2791
0
0
7
2
*
2792
1
0
8
0
*
2793
1
0
29
0
*
2794
0
1
9
1
*
2795
1
0
31
1
*
2796
0
1
31
2
*
2797
1
0
26
2
*
2798
0
0
31
0
*
2799
0
0
31
0
*
2800
1
1
32
1
*
2801
0
1
32
1
*
2802
1
1
9
2
*
2803
0
1
8
1
*
2804
1
0
14
2
*
2805
1
1
14
1
*
2806
1
1
20
2
*
2807
0
0
31
1
*
2808
1
0
29
1
*
2809
1
1
25
2
*
2810
0
0
33
0
*
2811
0
0
8
1
*
2812
1
1
24
2
*
2813
1
0
17
2
*
2814
0
0
19
1
*
2815
1
1
5
1
*
2816
0
1
26
1
*
2817
1
1
19
1
*
2818
0
1
21
2
*
2819
1
1
21
1
*
2820
0
0
27
2
*
2821
0
0
14
1
*
2822
1
1
6
1
*
2823
0
1
13
2
*
2824
0
0
15
2
*
2825
1
1
31
2
*
2826
0
0
26
2
*
2827
0
1
10
0
*
2828
0
0
11
2
*
2829
0
1
13
1
*
2830
1
1
33
2
*
2831
1
0
15
2
*
2832
0
1
20
2
*
2833
1
0
6
2
*
2834
1
1
13
0
*
2835
1
0
23
2
*
2836
1
1
21
0
*
2837
1
0
22
0
*
2838
0
1
16
1
*
2839
0
1
27
0
*
2840
1
0
18
1
*
2841
1
1
27
1
*
2842
1
1
9
1
*
2843
1
0
9
0
*
2844
1
1
21
2
*
2845
0
0
5
1
*
2846
1
0
21
0
*
2847
1
1
25
1
*
2848
1
1
5
2
*
2849
0
1
22
1
*
2850
1
1
11
1
*
2851
0
0
34
2
*
2852
0
0
31
1
*
2853
0
0
32
1
*
2854
1
0
35
1
*
2855
1
1
34
2
*
2856
0
0
22
2
*
2857
0
1
17
2
*
2858
0
0
7
1
*
2859
1
0
19
0
*
2860
1
0
20
1
*
2861
1
0
12
2
*
2862
0
0
13
1
*
2863
1
0
11
1
*
2864
0
1
18
1
*
2865
1
0
24
1
*
2866
1
0
29
2
*
2867
1
1
27
2
*
2868
0
0
11
0
*
2869
1
0
7
2
*
2870
0
1
31
0
*
2871
0
0
11
1
*
2872
0
1
17
0
*
2873
1
1
19
1
*
2874
1
0
17
2
*
2875
1
0
9
1
*
2876
0
1
22
1
*
2877
1
1
22
1
*
2878
1
0
18
1
*
2879
1
1
32
2
*
2880
1
0
21
0
*
2881
1
0
15
1
*
2882
0
1
18
2
*
2883
1
1
7
1
*
2884
1
1
35
2
*
2885
1
1
28
2
*
2886
1
0
24
1
*
2887
0
0
27
1
*
2888
0
1
17
2
*
2889
1
0
34
1
*
2890
0
0
5
2
*
2891
1
0
25
0
*
2892
1
0
23
2
*
2893
1
0
20
1
*
2894
1
1
9
1
*
2895
0
0
35
1
*
2896
0
0
23
1
*
2897
0
0
12
0
*
2898
0
1
20
1
*
2899
0
0
6
2
*
2900
0
0
7
2
*
2901
0
1
15
0
*
2902
1
0
34
2
*
2903
0
0
15
1
*
2904
0
0
26
0
*
2905
0
0
25
2
*
2906
0
0
29
2
*
2907
1
1
25
0
*
2908
1
0
27
1
*
2909
0
1
6
1
*
2910
1
0
26
1
*
2911
0
0
9
0
*
2912
0
1
31
0
*
2913
1
0
26
2
*
2914
0
1
30
2
*
2915
1
1
31
2
*
2916
1
0
13
1
*
2917
0
1
11
1
*
2918
1
1
16
2
*
2919
1
1
18
2
*
2920
1
0
24
0
*
2921
1
1
19
2
*
2922
1
0
14
1
*
2923
1
0
20
1
*
2924
0
1
10
2
*
2925
0
1
22
1
*
2926
1
1
28
2
*
2927
1
0
13
2
*
2928
0
1
24
1
*
2929
1
0
9
0
*
2930
1
1
34
2
*
2931
1
1
29
1
*
2932
1
0
16
1
*
2933
0
0
11
2
*
2934
1
1
23
2
*
2935
0
0
7
2
*
2936
0
1
22
1
*
2937
0
0
9
2
*
2938
0
1
12
0
*
2939
1
0
18
1
*
2940
0
0
15
1
*
2941
1
0
5
1
*
2942
1
1
11
1
*
2943
0
1
27
1
*
2944
0
1
27
1
*
2945
0
1
26
0
*
2946
0
0
6
2
*
2947
0
1
32
0
*
2948
0
1
26
1
*
2949
0
0
24
2
*
2950
1
1
10
1
*
2951
0
1
17
2
*
2952
1
1
19
2
*
2953
1
1
12
2
*
2954
1
0
21
1
*
2955
0
1
17
1
*
2956
1
0
22
1
*
2957
1
1
33
1
*
2958
1
0
22
2
*
2959
1
0
13
1
*
2960
1
0
23
1
*
2961
1
1
25
2
*
2962
1
1
15
1
*
2963
0
0
25
2
*
2964
1
0
20
0
*
2965
1
1
15
2
*
2966
0
0
31
1
*
2967
0
0
16
2
*
2968
1
0
28
0
*
2969
0
1
20
2
*
2970
1
1
21
1
*
2971
0
1
21
0
*
2972
1
0
34
2
*
2973
0
1
9
0
*
2974
1
0
8
0
*
2975
0
0
32
1
*
2976
1
0
7
2
*
2977
0
1
15
1
*
2978
1
0
21
0
*
2979
0
0
21
2
*
2980
1
1
32
0
*
2981
0
0
31
2
*
2982
0
0
12
2
*
2983
1
0
14
2
*
2984
0
0
15
1
*
2985
0
1
12
1
*
2986
0
1
17
1
*
2987
0
0
6
2
*
2988
1
1
13
0
*
2989
1
1
11
1
*
2990
1
1
33
0
*
2991
0
1
7
1
*
2992
1
0
10
1
*
2993
0
0
13
2
*
2994
1
0
21
1
*
2995
1
0
20
1
*
2996
1
0
22
1
*
2997
1
1
11
2
*
2998
1
0
21
2
*
2999
1
1
33
2
*
3000
0
0
8
1
*
3001
0
1
29
0
*
3002
0
1
7
1
*
3003
1
0
21
1
*
3004
0
0
24
1
*
3005
0
0
27
2
*
3006
1
1
30
1
*
3007
1
0
32
0
*
3008
1
0
10
1
*
3009
0
1
34
0
*
3010
1
0
23
0
*
3011
0
0
26
1
*
3012
0
1
27
1
*
3013
1
1
15
0
*
3014
1
0
18
2
*
3015
0
0
14
1
*
3016
1
1
11
2
*
3017
1
0
19
1
*
3018
1
1
22
2
*
3019
1
0
23
1
*
3020
1
1
32
0
*
3021
0
0
19
1
*
3022
0
0
25
1
*
3023
1
1
13
2
*
3024
1
1
13
2
*
3025
1
0
19
2
*
3026
0
1
9
1
*
3027
0
0
20
0
*
3028
1
1
23
2
*
3029
1
1
23
0
*
3030
1
0
24
1
*
3031
1
1
21
1
*
3032
1
1
29
2
*
3033
0
0
7
1
*
3034
1
0
12
2
*
3035
0
0
6
2
*
3036
0
0
12
2
*
3037
1
1
12
1
*
3038
1
1
15
2
*
3039
1
1
31
1
*
3040
1
1
35
1
*
3041
0
1
25
1
*
3042
1
0
11
2
*
3043
0
1
30
1
*
3044
0
1
24
2
*
3045
0
0
5
1
*
3046
1
1
6
0
*
3047
0
0
18
1
*
3048
1
0
31
2
*
3049
0
1
10
2
*
3050
0
0
24
1
*
3051
0
0
27
1
*
3052
1
1
25
2
*
3053
1
1
24
2
*
3054
1
1
25
1
*
3055
1
0
31
0
*
3056
1
0
20
2
*
3057
0
1
20
2
*
3058
1
1
16
1
*
3059
0
1
35
0
*
3060
0
1
16
0
*
3061
0
1
9
1
*
3062
1
1
29
2
*
3063
1
1
30
1
*
3064
1
0
19
1
*
3065
1
0
20
2
*
3066
1
1
11
1
*
3067
0
0
17
2
*
3068
1
1
24
2
*
3069
1
1
23
2
*
3070
0
1
6
1
*
3071
0
0
35
1
*
3072
0
0
6
2
*
3073
0
0
19
1
*
3074
0
0
21
0
*
3075
0
1
30
1
*
3076
0
1
12
1
*
3077
1
0
33
1
*
3078
1
1
29
1
*
3079
1
1
6
2
*
3080
1
1
17
0
*
3081
1
1
6
1
*
3082
1
0
24
2
*
3083
0
0
25
1
*
3084
1
0
20
2
*
3085
1
1
5
1
*
3086
1
0
21
1
*
3087
0
0
17
0
*
3088
1
1
14
1
*
3089
1
1
5
0
*
3090
1
0
17
1
*
3091
0
0
29
0
*
3092
0
0
17
0
*
3093
1
1
29
0
*
3094
1
1
20
2
*
3095
1
1
26
1
*
3096
1
1
34
0
*
3097
0
0
33
0
*
3098
1
1
32
1
*
3099
0
0
21
1
*
3100
1
0
28
2
*
3101
1
1
24
1
*
3102
1
0
22
2
*
3103
0
1
14
0
*
3104
0
1
22
2
*
3105
1
0
9
2
*
3106
1
1
9
1
*
3107
0
1
7
1
*
3108
0
0
23
1
*
3109
1
0
26
1
*
3110
0
0
29
2
*
3111
1
1
13
1
*
3112
1
1
14
2
*
3113
0
0
33
0
*
3114
0
1
33
0
*
3115
1
1
20
2
*
3116
0
1
31
2
*
3117
1
0
29
1
*
3118
1
1
17
1
*
3119
1
1
9
1
*
3120
0
0
22
1
*
3121
1
1
25
1
*
3122
1
0
22
1
*
3123
1
0
34
2
*
3124
0
1
27
2
*
3125
1
1
16
1
*
3126
0
0
21
0
*
3127
0
0
8
1
*
3128
1
1
19
2
*
3129
1
1
27
1
*
3130
0
1
33
0
*
3131
1
1
26
1
*
3132
1
1
5
1
*
3133
1
1
13
0
*
3134
0
1
12
1
*
3135
0
0
15
1
*
3136
0
0
26
2
*
3137
1
0
22
1
*
3138
1
0
8
1
*
3139
1
1
19
1
*
3140
1
0
13
1
*
3141
0
0
17
1
*
3142
1
0
12
1
*
3143
1
1
17
1
*
3144
1
1
20
0
*
3145
1
0
35
1
*
3146
0
1
34
2
*
3147
0
0
25
1
*
3148
0
1
5
1
*
3149
0
1
18
1
*
3150
0
1
6
1
*
3151
1
1
9
2
*
3152
1
1
8
0
*
3153
0
0
27
1
*
3154
0
1
14
2
*
3155
0
0
16
0
*
3156
1
1
35
1
*
3157
0
1
21
0
*
3158
0
0
14
1
*
3159
0
0
9
1
*
3160
0
1
34
2
*
3161
1
0
11
1
*
3162
1
0
28
1
*
3163
1
1
22
1
*
3164
1
0
6
0
*
3165
0
0
28
0
*
3166
0
0
33
1
*
3167
1
0
16
2
*
3168
1
0
19
1
*
3169
0
1
6
0
*
3170
0
1
29
1
*
3171
0
0
32
1
*
3172
0
1
22
1
*
3173
0
1
13
1
*
3174
0
1
11
1
*
3175
1
1
5
1
*
3176
0
1
5
2
*
3177
0
1
17
2
*
3178
1
0
35
1
*
3179
0
1
8
2
*
3180
1
1
7
0
*
3181
0
0
30
1
*
3182
1
0
25
2
*
3183
0
1
23
2
*
3184
1
0
35
0
*
3185
0
1
8
0
*
3186
1
0
17
1
*
3187
0
1
20
1
*
3188
1
0
10
1
*
3189
0
0
18
1
*
3190
0
1
9
1
*
3191
1
0
30
2
*
3192
1
0
12
1
*
3193
1
0
30
1
*
3194
1
0
13
2
*
3195
1
0
34
0
*
3196
1
1
15
1
*
3197
1
0
22
1
*
3198
1
0
22
1
*
3199
0
1
32
0
*
3200
0
0
26
0
*
3201
1
0
18
1
*
3202
1
1
23
1
*
3203
1
1
17
2
*
3204
0
1
22
2
*
3205
0
0
25
0
*
3206
1
0
20
1
*
3207
0
1
33
2
*
3208
1
0
15
1
*
3209
0
1
12
1
*
3210
0
0
24
2
*
3211
1
1
34
1
*
3212
0
0
30
1
*
3213
0
1
12
0
*
3214
0
1
28
1
*
3215
1
0
26
1
*
3216
0
1
12
0
*
3217
0
0
16
0
*
3218
1
0
10
0
*
3219
1
1
10
2
*
3220
1
0
7
1
*
3221
0
1
14
1
*
3222
0
1
11
2
*
3223
0
1
10
1
*
3224
1
0
29
2
*
3225
1
1
25
2
*
3226
1
1
27
2
*
3227
1
1
17
0
*
3228
0
1
5
1
*
3229
0
1
19
2
*
3230
1
0
10
1
*
3231
0
1
8
0
*
3232
0
1
18
2
*
3233
0
1
26
2
*
3234
1
1
35
0
*
3235
0
1
30
0
*
3236
0
0
7
1
*
3237
0
0
16
1
*
3238
1
0
35
2
*
3239
1
0
33
0
*
3240
0
1
21
1
*
3241
1
1
24
1
*
3242
0
1
32
1
*
3243
0
0
27
0
*
3244
1
0
10
1
*
3245
0
1
24
0
*
3246
1
1
16
0
*
3247
0
0
16
1
*
3248
1
0
35
2
*
3249
1
0
24
1
*
3250
0
1
27
1
*
3251
0
0
30
2
*
3252
1
1
33
0
*
3253
1
1
30
1
*
3254
0
0
11
1
*
3255
0
0
6
1
*
3256
1
0
12
1
*
3257
0
1
27
0
*
3258
0
1
26
1
*
3259
1
0
14
1
*
3260
1
0
18
1
*
3261
1
0
18
1
*
3262
1
0
25
2
*
3263
0
1
31
2
*
3264
0
1
34
2
*
3265
0
1
16
0
*
3266
1
1
25
1
*
3267
1
1
5
2
*
3268
1
1
7
1
*
3269
0
0
11
1
*
3270
1
1
35
2
*
3271
0
1
29
2
*
3272
1
1
35
1
*
3273
0
0
25
2
*
3274
1
0
14
1
*
3275
1
0
19
0
*
3276
1
1
27
2
*
3277
1
1
10
1
*
3278
0
1
35
2
*
3279
0
0
30
2
*
3280
1
0
14
1
*
3281
1
1
10
2
*
3282
1
1
8
0
*
3283
0
0
11
1
*
3284
1
0
12
2
*
3285
0
1
27
2
*
3286
1
0
17
0
*
3287
1
1
33
2
*
3288
1
1
30
2
*
3289
0
0
24
1
*
3290
1
0
31
1
*
3291
1
1
20
2
*
3292
0
0
19
2
*
3293
0
0
11
2
*
3294
0
1
24
1
*
3295
0
1
5
1
*
3296
1
1
20
0
*
3297
1
0
28
1
*
3298
0
0
22
1
*
3299
1
0
34
2
*
3300
0
0
9
2
*
3301
0
0
34
1
*
3302
0
0
6
1
*
3303
1
0
28
2
*
3304
1
0
6
2
*
3305
0
1
14
2
*
3306
1
0
31
1
*
3307
1
0
21
1
*
3308
1
0
35
1
*
3309
1
1
27
2
*
3310
0
0
24
1
*
3311
0
0
11
2
*
3312
0
1
17
2
*
3313
0
0
8
1
*
3314
1
0
13
1
*
3315
1
0
34
1
*
3316
1
0
14
1
*
3317
0
0
21
2
*
3318
0
0
8
2
*
3319
0
0
13
2
*
3320
0
0
32
2
*
3321
0
1
27
0
*
3322
0
0
9
2
*
3323
1
0
29
2
*
3324
1
0
12
2
*
3325
1
1
8
1
*
3326
1
1
12
1
*
3327
1
1
33
2
*
3328
1
0
7
1
*
3329
1
0
20
1
*
3330
1
0
21
1
*
3331
1
1
10
0
*
3332
1
1
7
2
*
3333
0
0
21
0
*
3334
0
1
18
2
*
3335
0
1
18
1
*
3336
1
1
26
0
*
3337
0
1
8
1
*
3338
0
0
14
1
*
3339
1
1
22
2
*
3340
1
0
20
2
*
3341
0
0
18
0
*
3342
0
0
20
1
*
3343
1
1
35
1
*
3344
1
0
26
1
*
3345
1
0
17
2
*
3346
1
1
33
0
*
3347
1
0
5
1
*
3348
0
0
11
2
*
3349
1
0
26
1
*
3350
0
1
26
0
*
3351
0
0
9
1
*
3352
1
0
31
1
*
3353
1
0
15
2
*
3354
1
1
7
0
*
3355
1
1
22
1
*
3356
1
0
10
1
*
3357
1
1
28
1
*
3358
0
1
9
1
*
3359
1
0
10
2
*
3360
1
1
33
1
*
3361
0
0
35
1
*
3362
1
0
24
0
*
3363
1
1
34
1
*
3364
1
0
8
1
*
3365
0
0
26
2
*
3366
1
1
33
1
*
3367
0
1
35
1
*
3368
0
0
33
0
*
3369
0
1
26
0
*
3370
1
1
31
0
*
3371
0
1
8
1
*
3372
0
1
21
1
*
3373
0
0
30
2
*
3374
0
1
24
2
*
3375
1
0
16
1
*
3376
0
0
29
1
*
3377
1
0
7
0
*
3378
1
1
19
0
*
3379
1
0
5
0
*
3380
0
1
12
1
*
3381
0
0
23
1
*
3382
1
0
21
1
*
3383
0
1
27
1
*
3384
1
0
32
0
*
3385
1
1
23
1
*
3386
0
1
29
1
*
3387
1
0
26
1
*
3388
0
1
10
1
*
3389
1
0
23
2
*
3390
1
0
13
2
*
3391
0
1
7
2
*
3392
1
1
15
1
*
3393
1
1
29
1
*
3394
1
1
32
0
*
3395
0
1
33
2
*
3396
0
0
13
0
*
3397
1
0
34
1
*
3398
1
0
33
0
*
3399
1
1
21
2
*
3400
1
1
7
1
*
3401
0
0
13
1
*
3402
1
1
10
1
*
3403
1
0
14
1
*
3404
1
1
32
2
*
3405
1
0
31
0
*
3406
0
1
19
1
*
3407
1
1
10
1
*
3408
1
0
31
1
*
3409
0
1
22
2
*
3410
0
0
19
2
*
3411
0
0
6
1
*
3412
0
1
34
0
*
3413
1
1
35
1
*
3414
1
0
31
0
*
3415
0
1
33
0
*
3416
1
1
14
2
*
3417
0
1
6
1
*
3418
0
1
20
1
*
3419
1
0
5
1
*
3420
0
1
5
1
*
3421
0
1
13
0
*
3422
1
0
26
1
*
3423
0
1
15
2
*
3424
0
0
11
2
*
3425
1
1
17
2
*
3426
0
0
20
1
*
3427
0
1
19
1
*
3428
1
0
7
1
*
3429
1
0
11
1
*
3430
1
1
11
1
*
3431
1
1
11
0
*
3432
1
0
13
1
*
3433
0
0
15
1
*
3434
0
1
28
0
*
3435
1
0
24
1
*
3436
0
0
9
1
*
3437
1
0
26
1
*
3438
0
1
18
1
*
3439
0
0
16
1
*
3440
0
1
24
1
*
3441
0
0
15
2
*
3442
0
0
30
2
*
3443
1
0
21
1
*
3444
1
0
32
2
*
3445
0
1
23
1
*
3446
1
1
13
1
*
3447
0
0
5
1
*
3448
0
1
20
0
*
3449
1
0
22
2
*
3450
0
1
21
0
*
3451
1
1
23
1
*
3452
0
1
18
2
*
3453
1
1
35
1
*
3454
1
0
27
1
*
3455
0
1
27
1
*
3456
1
0
9
1
*
3457
0
0
31
0
*
3458
1
1
24
2
*
3459
1
1
12
2
*
3460
1
1
34
0
*
3461
0
1
15
2
*
3462
0
0
29
1
*
3463
1
0
24
1
*
3464
0
0
9
2
*
3465
0
0
22
2
*
3466
1
1
18
2
*
3467
1
1
16
2
*
3468
0
0
19
2
*
3469
0
0
11
1
*
3470
1
0
24
2
*
3471
0
1
21
0
*
3472
0
1
30
0
*
3473
1
1
26
1
*
3474
1
0
18
1
*
3475
1
0
34
1
*
3476
1
1
8
0
*
3477
1
1
7
0
*
3478
0
1
26
1
*
3479
0
0
31
2
*
3480
1
0
15
2
*
3481
0
1
16
0
*
3482
0
1
9
2
*
3483
0
0
19
1
*
3484
1
1
13
2
*
3485
1
1
32
2
*
3486
0
1
30
1
*
3487
1
0
19
1
*
3488
0
1
18
2
*
3489
1
0
9
1
*
3490
0
1
17
1
*
3491
1
0
23
1
*
3492
1
0
32
1
*
3493
1
0
34
1
*
3494
0
0
29
1
*
3495
1
0
25
1
*
3496
1
1
32
1
*
3497
1
1
28
2
*
3498
1
0
30
2
*
3499
1
0
32
1
*
3500
0
0
17
1
*
3501
0
0
19
2
*
3502
1
1
17
1
*
3503
1
0
13
1
*
3504
0
0
27
1
*
3505
1
0
27
1
*
3506
1
1
27
1
*
3507
0
1
12
0
*
3508
1
0
18
1
*
3509
0
1
35
2
*
3510
1
0
24
2
*
3511
1
0
22
1
*
3512
1
1
22
1
*
3513
0
1
32
1
*
3514
0
0
22
1
*
3515
0
1
13
2
*
3516
1
1
9
1
*
3517
0
0
17
1
*
3518
0
1
20
0
*
3519
0
0
33
0
*
3520
0
0
34
1
*
3521
0
1
28
2
*
3522
1
1
23
1
*
3523
1
0
27
0
*
3524
0
0
31
0
*
3525
1
0
12
1
*
3526
1
0
16
2
*
3527
0
1
10
1
*
3528
1
1
24
1
*
3529
0
1
5
1
*
3530
0
1
22
2
*
3531
0
0
20
1
*
3532
0
1
6
1
*
3533
1
0
27
1
*
3534
1
0
20
2
*
3535
1
1
5
1
*
3536
0
0
7
2
*
3537
0
0
18
2
*
3538
1
0
35
2
*
3539
1
0
20
2
*
3540
1
0
24
0
*
3541
1
1
31
1
*
3542
0
0
22
1
*
3543
1
1
10
1
*
3544
1
0
34
2
*
3545
1
0
27
1
*
3546
0
1
25
2
*
3547
1
0
11
1
*
3548
1
1
10
2
*
3549
1
0
24
1
*
3550
0
0
29
1
*
3551
0
1
12
2
*
3552
0
0
23
2
*
3553
0
0
31
1
*
3554
0
0
30
0
*
3555
0
0
25
2
*
3556
1
0
31
0
*
3557
1
1
28
2
*
3558
0
0
14
1
*
3559
1
0
24
2
*
3560
1
0
16
1
*
3561
0
1
31
1
*
3562
1
0
13
1
*
3563
1
0
10
1
*
3564
1
0
19
2
*
3565
1
0
34
2
*
3566
1
1
7
1
*
3567
1
0
27
1
*
3568
1
1
32
0
*
3569
0
0
15
1
*
3570
1
1
8
1
*
3571
0
1
14
2
*
3572
1
1
6
1
*
3573
1
0
9
0
*
3574
0
1
7
0
*
3575
0
0
5
1
*
3576
0
0
14
0
*
3577
0
1
9
1
*
3578
1
1
7
1
*
3579
0
0
24
2
*
3580
1
0
18
0
*
3581
1
0
23
1
*
3582
0
1
16
2
*
3583
1
1
17
2
*
3584
0
1
19
1
*
3585
1
0
11
1
*
3586
0
0
30
2
*
3587
0
1
23
0
*
3588
0
1
5
1
*
3589
1
0
19
0
*
3590
0
1
32
1
*
3591
0
1
24
2
*
3592
0
0
32
2
*
3593
0
1
23
2
*
3594
1
1
22
1
*
3595
1
0
30
0
*
3596
1
0
19
2
*
3597
0
0
6
1
*
3598
1
0
22
1
*
3599
0
1
23
0
*
